1275350400	1.23041	1.23541	1.21109	1.22862	168982	2010	6	1	0	0	2	151
1275354000	1.2286	1.22912	1.22702	1.22704	1141	2010	6	1	1	0	2	151
1275357600	1.22703	1.22715	1.22454	1.22553	2280	2010	6	1	2	0	2	151
1275361200	1.22559	1.22691	1.22467	1.22557	1990	2010	6	1	3	0	2	151
1275364800	1.2256	1.22709	1.22513	1.2257500000000001	1853	2010	6	1	4	0	2	151
1275368400	1.22574	1.22693	1.22523	1.22552	1594	2010	6	1	5	0	2	151
1275372000	1.2255	1.22733	1.2252	1.2267000000000001	2029	2010	6	1	6	0	2	151
1275375600	1.22668	1.22957	1.2265	1.22771	2742	2010	6	1	7	0	2	151
1275379200	1.22772	1.2286	1.22321	1.22401	4039	2010	6	1	8	0	2	151
1275382800	1.22408	1.22432	1.21736	1.2199	5063	2010	6	1	9	0	2	151
1275386400	1.21993	1.2203	1.21183	1.21412	4907	2010	6	1	10	0	2	151
1275390000	1.21415	1.21483	1.21107	1.21279	3590	2010	6	1	11	0	2	151
1275393600	1.2128	1.21431	1.21196	1.2135799999999999	2297	2010	6	1	12	0	2	151
1275397200	1.21356	1.21761	1.21356	1.2163	3298	2010	6	1	13	0	2	151
1275400800	1.21629	1.21832	1.2153100000000001	1.21788	3341	2010	6	1	14	0	2	151
1275404400	1.2179	1.22278	1.21783	1.22191	3897	2010	6	1	15	0	2	151
1275408000	1.22186	1.23487	1.22131	1.22868	4978	2010	6	1	16	0	2	151
1275411600	1.2287	1.23035	1.22589	1.22648	3514	2010	6	1	17	0	2	151
1275415200	1.22651	1.22847	1.22625	1.22747	2267	2010	6	1	18	0	2	151
1275418800	1.22749	1.23128	1.22693	1.22868	2407	2010	6	1	19	0	2	151
1275422400	1.22865	1.22865	1.22494	1.22571	2514	2010	6	1	20	0	2	151
1275426000	1.22576	1.2267299999999999	1.22334	1.22347	2652	2010	6	1	21	0	2	151
1275429600	1.22351	1.22452	1.22259	1.22273	1188	2010	6	1	22	0	2	151
1275433200	1.2227000000000001	1.22353	1.22007	1.22115	1688	2010	6	1	23	0	2	151
1275436800	1.22264	1.22732	1.21754	1.22332	187648	2010	6	2	0	0	3	152
1275440400	1.22334	1.22529	1.22316	1.22452	1006	2010	6	2	1	0	3	152
1275444000	1.2245300000000001	1.22546	1.22007	1.22527	2590	2010	6	2	2	0	3	152
1275447600	1.2252399999999999	1.22624	1.22242	1.22505	2401	2010	6	2	3	0	3	152
1275451200	1.22506	1.22567	1.22352	1.22443	1841	2010	6	2	4	0	3	152
1275454800	1.22444	1.2245300000000001	1.2203	1.22122	2350	2010	6	2	5	0	3	152
1275458400	1.22123	1.22155	1.21852	1.22075	2630	2010	6	2	6	0	3	152
1275462000	1.22078	1.2230699999999999	1.21847	1.22162	2451	2010	6	2	7	0	3	152
1275465600	1.22159	1.2233	1.21914	1.2222	2683	2010	6	2	8	0	3	152
1275469200	1.22215	1.22498	1.22029	1.22376	2799	2010	6	2	9	0	3	152
1275472800	1.22265	1.2233	1.22048	1.22165	2881	2010	6	2	10	0	3	152
1275476400	1.22167	1.22726	1.2214800000000001	1.2257	2807	2010	6	2	11	0	3	152
1275480000	1.22569	1.22667	1.22163	1.22304	3453	2010	6	2	12	0	3	152
1275483600	1.22301	1.2238	1.2200199999999999	1.22193	3141	2010	6	2	13	0	3	152
1275487200	1.22191	1.2225	1.21749	1.2182	3638	2010	6	2	14	0	3	152
1275490800	1.21823	1.22171	1.21756	1.21954	3651	2010	6	2	15	0	3	152
1275494400	1.21955	1.22145	1.21851	1.22	4210	2010	6	2	16	0	3	152
1275498000	1.21996	1.22197	1.2195	1.22043	3451	2010	6	2	17	0	3	152
1275501600	1.22045	1.22597	1.22045	1.22565	3030	2010	6	2	18	0	3	152
1275505200	1.22563	1.22634	1.22152	1.2222	2218	2010	6	2	19	0	3	152
1275508800	1.22217	1.22405	1.22095	1.2236799999999999	2437	2010	6	2	20	0	3	152
1275512400	1.22373	1.22513	1.22289	1.2242899999999999	2346	2010	6	2	21	0	3	152
1275516000	1.22431	1.22547	1.22366	1.22484	1373	2010	6	2	22	0	3	152
1275519600	1.2248999999999999	1.22557	1.22447	1.22492	938	2010	6	2	23	0	3	152
1275523200	1.22479	1.23266	1.21521	1.2236799999999999	156242	2010	6	3	0	0	4	153
1275526800	1.22369	1.2254	1.22253	1.22509	1309	2010	6	3	1	0	4	153
1275530400	1.22506	1.22807	1.22452	1.22769	2205	2010	6	3	2	0	4	153
1275534000	1.22772	1.23068	1.22765	1.22935	2501	2010	6	3	3	0	4	153
1275537600	1.22933	1.22989	1.22761	1.22828	1746	2010	6	3	4	0	4	153
1275541200	1.22825	1.22976	1.22824	1.2291400000000001	1404	2010	6	3	5	0	4	153
1275544800	1.22922	1.23055	1.22813	1.22893	1703	2010	6	3	6	0	4	153
1275548400	1.22891	1.23183	1.22885	1.2316799999999999	2246	2010	6	3	7	0	4	153
1275552000	1.23165	1.23252	1.22851	1.23055	3055	2010	6	3	8	0	4	153
1275555600	1.23056	1.23136	1.22778	1.22926	3408	2010	6	3	9	0	4	153
1275559200	1.22928	1.23148	1.22837	1.22983	3033	2010	6	3	10	0	4	153
1275562800	1.2298499999999999	1.23129	1.22662	1.22835	2567	2010	6	3	11	0	4	153
1275566400	1.22833	1.22871	1.22462	1.22476	2664	2010	6	3	12	0	4	153
1275570000	1.22473	1.22683	1.22324	1.22621	2550	2010	6	3	13	0	4	153
1275573600	1.22623	1.227	1.22435	1.22624	2938	2010	6	3	14	0	4	153
1275577200	1.22626	1.2265	1.22318	1.2251400000000001	3093	2010	6	3	15	0	4	153
1275580800	1.22511	1.22537	1.21892	1.22041	3868	2010	6	3	16	0	4	153
1275584400	1.22042	1.22142	1.21877	1.21918	3015	2010	6	3	17	0	4	153
1275588000	1.21921	1.21935	1.2152	1.2176	3245	2010	6	3	18	0	4	153
1275591600	1.2175799999999999	1.21815	1.21622	1.21683	2382	2010	6	3	19	0	4	153
1275595200	1.21684	1.21913	1.21647	1.21774	2121	2010	6	3	20	0	4	153
1275598800	1.21774	1.21828	1.21561	1.21561	2046	2010	6	3	21	0	4	153
1275602400	1.2156	1.21643	1.21521	1.21613	1109	2010	6	3	22	0	4	153
1275606000	1.21615	1.21642	1.21558	1.21614	626	2010	6	3	23	0	4	153
1275609600	1.21613	1.22154	1.19552	1.21707	171225	2010	6	4	0	0	5	154
1275613200	1.21709	1.21789	1.21567	1.21779	1332	2010	6	4	1	0	5	154
1275616800	1.2178	1.21825	1.21629	1.21694	1800	2010	6	4	2	0	5	154
1275620400	1.2169	1.21835	1.2168	1.21781	1677	2010	6	4	3	0	5	154
1275624000	1.21791	1.21799	1.21622	1.21772	1402	2010	6	4	4	0	5	154
1275627600	1.2177	1.21852	1.21752	1.21779	1086	2010	6	4	5	0	5	154
1275631200	1.21771	1.2182	1.21728	1.2177	1080	2010	6	4	6	0	5	154
1275634800	1.21771	1.2179	1.2165	1.21764	1172	2010	6	4	7	0	5	154
1275638400	1.21767	1.219	1.21743	1.21824	2062	2010	6	4	8	0	5	154
1275642000	1.21821	1.21917	1.21726	1.21917	2008	2010	6	4	9	0	5	154
1275645600	1.21918	1.2215	1.21884	1.22052	2433	2010	6	4	10	0	5	154
1275649200	1.22049	1.22149	1.21824	1.2187000000000001	1936	2010	6	4	11	0	5	154
1275652800	1.21868	1.21891	1.21612	1.21669	2288	2010	6	4	12	0	5	154
1275656400	1.21666	1.21694	1.20391	1.20514	4652	2010	6	4	13	0	5	154
1275660000	1.20502	1.2074799999999999	1.20212	1.20455	4572	2010	6	4	14	0	5	154
1275663600	1.20457	1.2064300000000001	1.2031100000000001	1.20513	3762	2010	6	4	15	0	5	154
1275667200	1.20503	1.20777	1.20214	1.2033800000000001	4239	2010	6	4	16	0	5	154
1275670800	1.20339	1.20436	1.19929	1.19975	4063	2010	6	4	17	0	5	154
1275674400	1.1997	1.20199	1.19718	1.20185	2897	2010	6	4	18	0	5	154
1275678000	1.20196	1.20207	1.19951	1.20059	2369	2010	6	4	19	0	5	154
1275681600	1.20061	1.20079	1.1961	1.19651	2603	2010	6	4	20	0	5	154
1275685200	1.19656	1.19871	1.19551	1.1965	2541	2010	6	4	21	0	5	154
1275688800	1.19651	1.19838	1.19577	1.19676	1396	2010	6	4	22	0	5	154
1275692400	1.19671	1.19671	1.19671	1.19671	1	2010	6	4	23	0	5	154
1275868800	1.19268	1.19914	1.18763	1.19356	178627	2010	6	7	0	0	1	157
1275872400	1.19358	1.19652	1.19269	1.1931	1776	2010	6	7	1	0	1	157
1275876000	1.19307	1.19428	1.18817	1.19062	3121	2010	6	7	2	0	1	157
1275879600	1.19064	1.19242	1.18758	1.18863	2694	2010	6	7	3	0	1	157
1275883200	1.18866	1.19187	1.18772	1.19088	2335	2010	6	7	4	0	1	157
1275886800	1.19085	1.19101	1.18908	1.18957	1649	2010	6	7	5	0	1	157
1275890400	1.18961	1.1918	1.18913	1.1915	1727	2010	6	7	6	0	1	157
1275894000	1.19149	1.19374	1.19125	1.19194	2807	2010	6	7	7	0	1	157
1275897600	1.19195	1.1945999999999999	1.1905999999999999	1.19437	3016	2010	6	7	8	0	1	157
1275901200	1.19438	1.19568	1.19135	1.1922	3535	2010	6	7	9	0	1	157
1275904800	1.19226	1.19538	1.19147	1.19479	2952	2010	6	7	10	0	1	157
1275908400	1.1948	1.19781	1.19359	1.19766	3334	2010	6	7	11	0	1	157
1275912000	1.19767	1.19907	1.19658	1.19718	3040	2010	6	7	12	0	1	157
1275915600	1.19712	1.19856	1.19392	1.19482	2667	2010	6	7	13	0	1	157
1275919200	1.19481	1.1978900000000001	1.19452	1.19552	3004	2010	6	7	14	0	1	157
1275922800	1.19553	1.1973	1.19179	1.19457	4040	2010	6	7	15	0	1	157
1275926400	1.19458	1.1966	1.19235	1.19299	4068	2010	6	7	16	0	1	157
1275930000	1.19297	1.19605	1.19276	1.19579	3501	2010	6	7	17	0	1	157
1275933600	1.19578	1.19732	1.19503	1.19552	2477	2010	6	7	18	0	1	157
1275937200	1.19549	1.1963	1.19321	1.19387	2249	2010	6	7	19	0	1	157
1275940800	1.19385	1.19466	1.19287	1.19348	2618	2010	6	7	20	0	1	157
1275944400	1.19349	1.19467	1.19149	1.19163	2726	2010	6	7	21	0	1	157
1275948000	1.19165	1.19236	1.1912	1.19226	1420	2010	6	7	22	0	1	157
1275951600	1.19225	1.19234	1.1912099999999999	1.19166	849	2010	6	7	23	0	1	157
1275955200	1.19234	1.20091	1.19021	1.19215	176122	2010	6	8	0	0	2	158
1275958800	1.19212	1.19311	1.1915499999999999	1.19227	1460	2010	6	8	1	0	2	158
1275962400	1.19229	1.19461	1.19211	1.19411	2166	2010	6	8	2	0	2	158
1275966000	1.19414	1.19649	1.19402	1.19528	1884	2010	6	8	3	0	2	158
1275969600	1.19526	1.19665	1.1943	1.19648	2130	2010	6	8	4	0	2	158
1275973200	1.19644	1.1981600000000001	1.19589	1.19696	1951	2010	6	8	5	0	2	158
1275976800	1.19695	1.19712	1.19553	1.19622	2002	2010	6	8	6	0	2	158
1275980400	1.19621	1.19782	1.19519	1.19721	2186	2010	6	8	7	0	2	158
1275984000	1.19722	1.19809	1.19499	1.19749	3043	2010	6	8	8	0	2	158
1275987600	1.19752	1.1975500000000001	1.19436	1.19513	3339	2010	6	8	9	0	2	158
1275991200	1.1951	1.19598	1.19197	1.19271	3363	2010	6	8	10	0	2	158
1275994800	1.19269	1.19345	1.19022	1.19102	3610	2010	6	8	11	0	2	158
1275998400	1.19099	1.19287	1.1907	1.19225	2498	2010	6	8	12	0	2	158
1276002000	1.19221	1.19459	1.19161	1.19366	2587	2010	6	8	13	0	2	158
1276005600	1.19363	1.19577	1.19227	1.1926	3142	2010	6	8	14	0	2	158
1276009200	1.19259	1.19456	1.19209	1.19299	3484	2010	6	8	15	0	2	158
1276012800	1.193	1.19491	1.19144	1.19482	4198	2010	6	8	16	0	2	158
1276016400	1.1948	1.2008	1.19368	1.19928	4708	2010	6	8	17	0	2	158
1276020000	1.19927	1.19984	1.19578	1.19725	3089	2010	6	8	18	0	2	158
1276023600	1.19716	1.19795	1.19254	1.19322	3025	2010	6	8	19	0	2	158
1276027200	1.1932	1.19463	1.19212	1.19242	2866	2010	6	8	20	0	2	158
1276030800	1.1924	1.19561	1.19214	1.19459	2589	2010	6	8	21	0	2	158
1276034400	1.19461	1.19735	1.1941	1.19729	1655	2010	6	8	22	0	2	158
1276038000	1.1973	1.19776	1.1954799999999999	1.1964	966	2010	6	8	23	0	2	158
1276041600	1.19719	1.20721	1.19239	1.19689	152592	2010	6	9	0	0	3	159
1276045200	1.19688	1.19698	1.1956	1.1958199999999999	604	2010	6	9	1	0	3	159
1276048800	1.19583	1.19591	1.19318	1.19367	1692	2010	6	9	2	0	3	159
1276052400	1.19371	1.19567	1.19337	1.19508	1394	2010	6	9	3	0	3	159
1276056000	1.19506	1.19543	1.19418	1.19498	1462	2010	6	9	4	0	3	159
1276059600	1.19501	1.19562	1.19437	1.19488	1678	2010	6	9	5	0	3	159
1276063200	1.1948699999999999	1.19558	1.19318	1.19382	1879	2010	6	9	6	0	3	159
1276066800	1.19383	1.19451	1.19236	1.19441	1853	2010	6	9	7	0	3	159
1276070400	1.19432	1.19683	1.19393	1.19586	2691	2010	6	9	8	0	3	159
1276074000	1.1958199999999999	1.19783	1.19479	1.19534	2577	2010	6	9	9	0	3	159
1276077600	1.19536	1.1959	1.1939	1.19509	2430	2010	6	9	10	0	3	159
1276081200	1.19501	1.19715	1.19394	1.1969400000000001	2672	2010	6	9	11	0	3	159
1276084800	1.19692	1.19861	1.1964	1.19689	2329	2010	6	9	12	0	3	159
1276088400	1.1969	1.20013	1.19607	1.19968	2849	2010	6	9	13	0	3	159
1276092000	1.19963	1.203	1.19925	1.20089	3656	2010	6	9	14	0	3	159
1276095600	1.20086	1.20442	1.20082	1.20376	3838	2010	6	9	15	0	3	159
1276099200	1.20374	1.20574	1.2022	1.20574	3868	2010	6	9	16	0	3	159
1276102800	1.2057	1.20724	1.20421	1.20436	3553	2010	6	9	17	0	3	159
1276106400	1.20438	1.20468	1.20303	1.20304	2363	2010	6	9	18	0	3	159
1276110000	1.20303	1.20339	1.20022	1.20139	2701	2010	6	9	19	0	3	159
1276113600	1.20137	1.20209	1.19833	1.19852	3043	2010	6	9	20	0	3	159
1276117200	1.19854	1.1997	1.19772	1.19862	3174	2010	6	9	21	0	3	159
1276120800	1.19863	1.19899	1.19732	1.19783	1374	2010	6	9	22	0	3	159
1276124400	1.19781	1.19879	1.19772	1.1984	1162	2010	6	9	23	0	3	159
1276128000	1.19764	1.21421	1.19569	1.19907	179382	2010	6	10	0	0	4	160
1276131600	1.1991100000000001	1.1991100000000001	1.19753	1.1988699999999999	1130	2010	6	10	1	0	4	160
1276135200	1.19886	1.19905	1.19573	1.19589	1909	2010	6	10	2	0	4	160
1276138800	1.19588	1.19841	1.19565	1.19797	1902	2010	6	10	3	0	4	160
1276142400	1.19794	1.19835	1.19624	1.19756	1657	2010	6	10	4	0	4	160
1276146000	1.1975500000000001	1.20425	1.19721	1.20336	2625	2010	6	10	5	0	4	160
1276149600	1.20331	1.20549	1.20291	1.20514	2573	2010	6	10	6	0	4	160
1276153200	1.20519	1.2063	1.2037	1.20603	1663	2010	6	10	7	0	4	160
1276156800	1.20604	1.20625	1.20275	1.20362	2895	2010	6	10	8	0	4	160
1276160400	1.20359	1.20563	1.20084	1.20087	3639	2010	6	10	9	0	4	160
1276164000	1.201	1.20717	1.20085	1.20534	3744	2010	6	10	10	0	4	160
1276167600	1.20537	1.20872	1.2049400000000001	1.2069	3145	2010	6	10	11	0	4	160
1276171200	1.20688	1.20694	1.20429	1.20454	3261	2010	6	10	12	0	4	160
1276174800	1.20456	1.20524	1.20243	1.20271	3095	2010	6	10	13	0	4	160
1276178400	1.20272	1.20753	1.20256	1.20736	3403	2010	6	10	14	0	4	160
1276182000	1.20734	1.21307	1.20605	1.21265	4425	2010	6	10	15	0	4	160
1276185600	1.21271	1.2133099999999999	1.20976	1.21039	3900	2010	6	10	16	0	4	160
1276189200	1.2104	1.21273	1.20872	1.2107	3200	2010	6	10	17	0	4	160
1276192800	1.21078	1.21102	1.2076500000000001	1.20833	3047	2010	6	10	18	0	4	160
1276196400	1.2083	1.2116	1.20761	1.21106	2559	2010	6	10	19	0	4	160
1276200000	1.21109	1.21187	1.20943	1.20944	2245	2010	6	10	20	0	4	160
1276203600	1.20947	1.21411	1.2092	1.2139199999999999	2887	2010	6	10	21	0	4	160
1276207200	1.21394	1.21405	1.21064	1.21239	2687	2010	6	10	22	0	4	160
1276210800	1.2123	1.21267	1.21055	1.21081	1269	2010	6	10	23	0	4	160
1276214400	1.21239	1.21522	1.20451	1.21031	139636	2010	6	11	0	0	5	161
1276218000	1.21036	1.21337	1.21006	1.21304	1423	2010	6	11	1	0	5	161
1276221600	1.21303	1.21473	1.21102	1.21163	2154	2010	6	11	2	0	5	161
1276225200	1.21167	1.2119900000000001	1.21003	1.2104	1655	2010	6	11	3	0	5	161
1276228800	1.21042	1.21073	1.20927	1.21006	1953	2010	6	11	4	0	5	161
1276232400	1.21008	1.2113	1.20962	1.21009	1375	2010	6	11	5	0	5	161
1276236000	1.21014	1.21176	1.2098200000000001	1.21069	2358	2010	6	11	6	0	5	161
1276239600	1.21065	1.21163	1.20979	1.21134	1944	2010	6	11	7	0	5	161
1276243200	1.21135	1.21181	1.20948	1.21075	3365	2010	6	11	8	0	5	161
1276246800	1.21076	1.21401	1.21032	1.2111399999999999	4430	2010	6	11	9	0	5	161
1276250400	1.21115	1.21189	1.20912	1.21083	4076	2010	6	11	10	0	5	161
1276254000	1.2107999999999999	1.21314	1.2107999999999999	1.21285	3145	2010	6	11	11	0	5	161
1276257600	1.2128700000000001	1.2133	1.21092	1.21267	3410	2010	6	11	12	0	5	161
1276261200	1.21263	1.2151399999999999	1.21248	1.21451	3216	2010	6	11	13	0	5	161
1276264800	1.21448	1.21521	1.2082600000000001	1.20851	5604	2010	6	11	14	0	5	161
1276268400	1.20848	1.21264	1.20789	1.21156	5585	2010	6	11	15	0	5	161
1276272000	1.21158	1.2129699999999999	1.20924	1.20926	5980	2010	6	11	16	0	5	161
1276275600	1.20924	1.20939	1.20452	1.20764	5028	2010	6	11	17	0	5	161
1276279200	1.20762	1.20783	1.20554	1.20618	3143	2010	6	11	18	0	5	161
1276282800	1.20611	1.20773	1.20564	1.2062	2735	2010	6	11	19	0	5	161
1276286400	1.20617	1.20846	1.20606	1.20747	2497	2010	6	11	20	0	5	161
1276290000	1.20751	1.20975	1.20717	1.2093	2340	2010	6	11	21	0	5	161
1276293600	1.2093099999999999	1.21136	1.2092	1.21112	1735	2010	6	11	22	0	5	161
1276473600	1.21269	1.22982	1.21156	1.21438	128713	2010	6	14	0	0	1	164
1276477200	1.21432	1.22056	1.2143	1.22056	2434	2010	6	14	1	0	1	164
1276480800	1.22055	1.22073	1.2172399999999999	1.21744	2136	2010	6	14	2	0	1	164
1276484400	1.21743	1.21899	1.2168700000000001	1.21721	1500	2010	6	14	3	0	1	164
1276488000	1.21723	1.2180900000000001	1.21677	1.21738	1272	2010	6	14	4	0	1	164
1276491600	1.21736	1.21866	1.21736	1.21818	1139	2010	6	14	5	0	1	164
1276495200	1.21816	1.21816	1.2168	1.21741	1028	2010	6	14	6	0	1	164
1276498800	1.2174	1.21879	1.21692	1.21836	1572	2010	6	14	7	0	1	164
1276502400	1.21835	1.22033	1.21738	1.21747	2533	2010	6	14	8	0	1	164
1276506000	1.2175	1.21881	1.21631	1.21729	2728	2010	6	14	9	0	1	164
1276509600	1.2173	1.22329	1.21655	1.22221	3010	2010	6	14	10	0	1	164
1276513200	1.22225	1.22576	1.22222	1.22498	3181	2010	6	14	11	0	1	164
1276516800	1.22496	1.22516	1.2234	1.2234	2038	2010	6	14	12	0	1	164
1276520400	1.22339	1.22499	1.22163	1.22438	2413	2010	6	14	13	0	1	164
1276524000	1.22434	1.22724	1.22418	1.22657	2622	2010	6	14	14	0	1	164
1276527600	1.22656	1.22656	1.22293	1.22387	2575	2010	6	14	15	0	1	164
1276531200	1.22385	1.22778	1.22375	1.22772	3246	2010	6	14	16	0	1	164
1276534800	1.22776	1.2297500000000001	1.2273100000000001	1.22764	2719	2010	6	14	17	0	1	164
1276538400	1.22762	1.2293	1.22565	1.22565	2083	2010	6	14	18	0	1	164
1276542000	1.22562	1.2263600000000001	1.22288	1.22293	2540	2010	6	14	19	0	1	164
1276545600	1.22291	1.22418	1.22163	1.22412	2240	2010	6	14	20	0	1	164
1276549200	1.2241	1.2256	1.2221	1.22223	2220	2010	6	14	21	0	1	164
1276552800	1.22221	1.22298	1.22181	1.22201	921	2010	6	14	22	0	1	164
1276556400	1.22199	1.22228	1.22077	1.2213	683	2010	6	14	23	0	1	164
1276560000	1.22202	1.23492	1.21681	1.22163	143527	2010	6	15	0	0	2	165
1276563600	1.22154	1.22154	1.22055	1.2211	982	2010	6	15	1	0	2	165
1276567200	1.22108	1.22319	1.22107	1.22254	1913	2010	6	15	2	0	2	165
1276570800	1.22256	1.22284	1.21956	1.2204	2229	2010	6	15	3	0	2	165
1276574400	1.22043	1.2218499999999999	1.22025	1.22105	1709	2010	6	15	4	0	2	165
1276578000	1.22103	1.22252	1.2208	1.22194	1273	2010	6	15	5	0	2	165
1276581600	1.22192	1.22242	1.22015	1.22083	1517	2010	6	15	6	0	2	165
1276585200	1.22082	1.22201	1.22009	1.22133	1450	2010	6	15	7	0	2	165
1276588800	1.22132	1.22147	1.21703	1.21703	3170	2010	6	15	8	0	2	165
1276592400	1.21702	1.2196799999999999	1.21679	1.2194099999999999	3293	2010	6	15	9	0	2	165
1276596000	1.21932	1.22145	1.21851	1.22106	2689	2010	6	15	10	0	2	165
1276599600	1.22068	1.22483	1.21762	1.2245	3425	2010	6	15	11	0	2	165
1276603200	1.22449	1.22653	1.22446	1.2251	3727	2010	6	15	12	0	2	165
1276606800	1.2252	1.2275800000000001	1.2252	1.22608	6118	2010	6	15	13	0	2	165
1276610400	1.22608	1.22773	1.22435	1.22678	7579	2010	6	15	14	0	2	165
1276614000	1.22674	1.23041	1.22669	1.22887	8655	2010	6	15	15	0	2	165
1276617600	1.22877	1.23122	1.22613	1.2306	8705	2010	6	15	16	0	2	165
1276621200	1.23077	1.2332	1.23044	1.23253	7535	2010	6	15	17	0	2	165
1276624800	1.2326	1.2343	1.23217	1.23307	5910	2010	6	15	18	0	2	165
1276628400	1.23315	1.2349	1.23261	1.2338	5233	2010	6	15	19	0	2	165
1276632000	1.2338	1.23474	1.23307	1.23324	3777	2010	6	15	20	0	2	165
1276635600	1.23319	1.23478	1.23262	1.23451	3287	2010	6	15	21	0	2	165
1276639200	1.23451	1.23457	1.23178	1.23311	4467	2010	6	15	22	0	2	165
1276642800	1.23296	1.23329	1.23191	1.23228	2048	2010	6	15	23	0	2	165
1276646400	1.23304	1.23533	1.22561	1.23167	121947	2010	6	16	0	0	3	166
1276650000	1.23166	1.23225	1.2311	1.23152	687	2010	6	16	1	0	3	166
1276653600	1.23156	1.23203	1.23084	1.23118	1099	2010	6	16	2	0	3	166
1276657200	1.2312	1.2322899999999999	1.2312	1.23147	1068	2010	6	16	3	0	3	166
1276660800	1.23146	1.23203	1.23079	1.2315800000000001	923	2010	6	16	4	0	3	166
1276664400	1.23156	1.23253	1.23139	1.23178	1170	2010	6	16	5	0	3	166
1276668000	1.23173	1.2334100000000001	1.23102	1.23284	1519	2010	6	16	6	0	3	166
1276671600	1.23285	1.23397	1.23223	1.23296	1547	2010	6	16	7	0	3	166
1276675200	1.23292	1.23525	1.23211	1.23421	2473	2010	6	16	8	0	3	166
1276678800	1.23414	1.23414	1.22749	1.22846	2893	2010	6	16	9	0	3	166
1276682400	1.22851	1.2302	1.22735	1.22995	2743	2010	6	16	10	0	3	166
1276686000	1.23008	1.23035	1.22843	1.23015	2198	2010	6	16	11	0	3	166
1276689600	1.23013	1.2306	1.22826	1.22865	2039	2010	6	16	12	0	3	166
1276693200	1.22884	1.22988	1.2267299999999999	1.2279	2615	2010	6	16	13	0	3	166
1276696800	1.228	1.22862	1.22552	1.22852	2414	2010	6	16	14	0	3	166
1276700400	1.22851	1.2317	1.22808	1.23167	2544	2010	6	16	15	0	3	166
1276704000	1.23174	1.23258	1.2294	1.2316	2856	2010	6	16	16	0	3	166
1276707600	1.23164	1.2337	1.23061	1.23222	2590	2010	6	16	17	0	3	166
1276711200	1.23224	1.2337	1.22957	1.23128	2091	2010	6	16	18	0	3	166
1276714800	1.23129	1.23214	1.22991	1.2317	1709	2010	6	16	19	0	3	166
1276718400	1.23171	1.2328999999999999	1.23009	1.2312	1749	2010	6	16	20	0	3	166
1276722000	1.23115	1.23115	1.22958	1.23032	2028	2010	6	16	21	0	3	166
1276725600	1.23025	1.23135	1.22996	1.23095	1238	2010	6	16	22	0	3	166
1276729200	1.2309700000000001	1.23147	1.22964	1.22989	809	2010	6	16	23	0	3	166
1276732800	1.23084	1.2413	1.2241900000000001	1.23117	140655	2010	6	17	0	0	4	167
1276736400	1.23115	1.23125	1.2297	1.2298	846	2010	6	17	1	0	4	167
1276740000	1.22982	1.23022	1.22732	1.22749	1886	2010	6	17	2	0	4	167
1276743600	1.22751	1.2282	1.22598	1.22682	1809	2010	6	17	3	0	4	167
1276747200	1.2268	1.22789	1.22665	1.2273100000000001	1258	2010	6	17	4	0	4	167
1276750800	1.22735	1.22814	1.22624	1.22724	1520	2010	6	17	5	0	4	167
1276754400	1.22726	1.22775	1.22613	1.22622	1693	2010	6	17	6	0	4	167
1276758000	1.22623	1.22781	1.22561	1.22763	1679	2010	6	17	7	0	4	167
1276761600	1.22762	1.22834	1.22566	1.2268	2381	2010	6	17	8	0	4	167
1276765200	1.22683	1.22822	1.22422	1.22763	3341	2010	6	17	9	0	4	167
1276768800	1.22778	1.2339	1.2272	1.23268	3371	2010	6	17	10	0	4	167
1276772400	1.23277	1.23927	1.2324	1.23849	3384	2010	6	17	11	0	4	167
1276776000	1.23855	1.23952	1.23659	1.23721	2697	2010	6	17	12	0	4	167
1276779600	1.23724	1.2382900000000001	1.23708	1.23732	2083	2010	6	17	13	0	4	167
1276783200	1.23734	1.2380200000000001	1.2355800000000001	1.23783	2627	2010	6	17	14	0	4	167
1276786800	1.23793	1.24084	1.23739	1.23947	2427	2010	6	17	15	0	4	167
1276790400	1.23918	1.24095	1.23429	1.23552	2350	2010	6	17	16	0	4	167
1276794000	1.23554	1.23727	1.23405	1.23661	1936	2010	6	17	17	0	4	167
1276797600	1.23641	1.2367	1.23491	1.23516	1621	2010	6	17	18	0	4	167
1276801200	1.2349999999999999	1.23927	1.23491	1.23875	1731	2010	6	17	19	0	4	167
1276804800	1.23884	1.23986	1.23749	1.23771	1639	2010	6	17	20	0	4	167
1276808400	1.23769	1.23907	1.23635	1.23848	1557	2010	6	17	21	0	4	167
1276812000	1.23851	1.23902	1.2377	1.23883	992	2010	6	17	22	0	4	167
1276815600	1.23879	1.23881	1.23762	1.23794	810	2010	6	17	23	0	4	167
1276819200	1.23879	1.24164	1.2353399999999999	1.23821	97629	2010	6	18	0	0	5	168
1276822800	1.23815	1.23971	1.2376800000000001	1.23876	808	2010	6	18	1	0	5	168
1276826400	1.23871	1.23914	1.23752	1.23797	1466	2010	6	18	2	0	5	168
1276830000	1.23804	1.23953	1.23779	1.23862	1264	2010	6	18	3	0	5	168
1276833600	1.23866	1.2396	1.23833	1.23932	1336	2010	6	18	4	0	5	168
1276837200	1.23927	1.2405	1.23867	1.24043	1261	2010	6	18	5	0	5	168
1276840800	1.24041	1.24131	1.2392400000000001	1.23943	1758	2010	6	18	6	0	5	168
1276844400	1.2395	1.24019	1.23862	1.24001	1671	2010	6	18	7	0	5	168
1276848000	1.23999	1.2405599999999999	1.23667	1.23758	2197	2010	6	18	8	0	5	168
1276851600	1.23762	1.24156	1.23704	1.23971	2239	2010	6	18	9	0	5	168
1276855200	1.23989	1.24052	1.23853	1.23941	2099	2010	6	18	10	0	5	168
1276858800	1.23935	1.23935	1.23714	1.23782	2210	2010	6	18	11	0	5	168
1276862400	1.23783	1.23855	1.23576	1.237	2386	2010	6	18	12	0	5	168
1276866000	1.23699	1.23837	1.23643	1.23721	2139	2010	6	18	13	0	5	168
1276869600	1.23718	1.23818	1.23608	1.2367	1962	2010	6	18	14	0	5	168
1276873200	1.23671	1.23758	1.23579	1.23614	2182	2010	6	18	15	0	5	168
1276876800	1.23622	1.2394	1.23617	1.23831	2335	2010	6	18	16	0	5	168
1276880400	1.23828	1.2382900000000001	1.23529	1.23589	2393	2010	6	18	17	0	5	168
1276884000	1.23592	1.23731	1.2357	1.2362	1780	2010	6	18	18	0	5	168
1276887600	1.23618	1.23671	1.23579	1.23611	1171	2010	6	18	19	0	5	168
1276891200	1.23609	1.23681	1.23593	1.2362	997	2010	6	18	20	0	5	168
1276894800	1.23621	1.23726	1.23582	1.23725	1035	2010	6	18	21	0	5	168
1276898400	1.23728	1.23908	1.23708	1.23872	1283	2010	6	18	22	0	5	168
1276902000	1.23871	1.23879	1.23871	1.23875	4	2010	6	18	23	0	5	168
1277078400	1.24472	1.24671	1.23037	1.24077	114037	2010	6	21	0	0	1	171
1277082000	1.24082	1.24195	1.23989	1.24149	1712	2010	6	21	1	0	1	171
1277085600	1.24148	1.24383	1.24135	1.24251	2042	2010	6	21	2	0	1	171
1277089200	1.24248	1.24357	1.23679	1.23903	2800	2010	6	21	3	0	1	171
1277092800	1.23902	1.24308	1.23901	1.24282	1765	2010	6	21	4	0	1	171
1277096400	1.24287	1.24387	1.24113	1.24128	1379	2010	6	21	5	0	1	171
1277100000	1.24125	1.24363	1.24125	1.24323	1467	2010	6	21	6	0	1	171
1277103600	1.24319	1.24664	1.24246	1.24496	2151	2010	6	21	7	0	1	171
1277107200	1.24492	1.2461	1.24434	1.24554	2205	2010	6	21	8	0	1	171
1277110800	1.24552	1.24564	1.24224	1.2428	2712	2010	6	21	9	0	1	171
1277114400	1.24285	1.24303	1.24043	1.24057	2920	2010	6	21	10	0	1	171
1277118000	1.24054	1.24115	1.23901	1.23923	2662	2010	6	21	11	0	1	171
1277121600	1.23922	1.23989	1.2379	1.23925	2187	2010	6	21	12	0	1	171
1277125200	1.23917	1.24098	1.23903	1.23942	1975	2010	6	21	13	0	1	171
1277128800	1.23949	1.23966	1.23493	1.2376800000000001	3145	2010	6	21	14	0	1	171
1277132400	1.23767	1.23903	1.23671	1.23893	2519	2010	6	21	15	0	1	171
1277136000	1.23896	1.23973	1.23713	1.23796	2442	2010	6	21	16	0	1	171
1277139600	1.23785	1.23941	1.23777	1.23821	1850	2010	6	21	17	0	1	171
1277143200	1.23825	1.23848	1.23271	1.23429	2187	2010	6	21	18	0	1	171
1277146800	1.23431	1.23455	1.23162	1.2325	2060	2010	6	21	19	0	1	171
1277150400	1.23248	1.23353	1.2311	1.23214	1674	2010	6	21	20	0	1	171
1277154000	1.23213	1.23292	1.23038	1.23173	2143	2010	6	21	21	0	1	171
1277157600	1.23172	1.23252	1.23123	1.2313399999999999	1338	2010	6	21	22	0	1	171
1277161200	1.23131	1.23236	1.23055	1.23232	1204	2010	6	21	23	0	1	171
1277164800	1.23119	1.2354	1.22518	1.23132	138357	2010	6	22	0	0	2	172
1277168400	1.23136	1.23275	1.2313399999999999	1.23205	905	2010	6	22	1	0	2	172
1277172000	1.23203	1.23315	1.23075	1.23222	2092	2010	6	22	2	0	2	172
1277175600	1.23224	1.23531	1.22987	1.2314	3095	2010	6	22	3	0	2	172
1277179200	1.23142	1.23157	1.2284	1.2295	2408	2010	6	22	4	0	2	172
1277182800	1.22934	1.23075	1.22918	1.23042	1675	2010	6	22	5	0	2	172
1277186400	1.23039	1.2309	1.22962	1.2304599999999999	1629	2010	6	22	6	0	2	172
1277190000	1.23045	1.23123	1.22841	1.22894	1849	2010	6	22	7	0	2	172
1277193600	1.22895	1.23203	1.22854	1.23076	2295	2010	6	22	8	0	2	172
1277197200	1.23075	1.23269	1.23075	1.23146	2444	2010	6	22	9	0	2	172
1277200800	1.2315800000000001	1.23269	1.23009	1.23119	2759	2010	6	22	10	0	2	172
1277204400	1.23135	1.23155	1.22699	1.22705	2405	2010	6	22	11	0	2	172
1277208000	1.22706	1.22854	1.22598	1.22603	2001	2010	6	22	12	0	2	172
1277211600	1.22592	1.22751	1.22552	1.22651	2228	2010	6	22	13	0	2	172
1277215200	1.2264599999999999	1.2292	1.22521	1.2288000000000001	2181	2010	6	22	14	0	2	172
1277218800	1.22887	1.2301199999999999	1.22833	1.22883	2057	2010	6	22	15	0	2	172
1277222400	1.22893	1.22895	1.2263600000000001	1.2282	2049	2010	6	22	16	0	2	172
1277226000	1.22821	1.23173	1.2272	1.23013	1870	2010	6	22	17	0	2	172
1277229600	1.23009	1.23154	1.22928	1.23064	1641	2010	6	22	18	0	2	172
1277233200	1.23066	1.23138	1.22911	1.23009	1459	2010	6	22	19	0	2	172
1277236800	1.2301199999999999	1.23014	1.2263	1.2267000000000001	1615	2010	6	22	20	0	2	172
1277240400	1.22681	1.22833	1.22662	1.22743	1675	2010	6	22	21	0	2	172
1277244000	1.22747	1.22771	1.2263	1.227	1003	2010	6	22	22	0	2	172
1277247600	1.22701	1.2273100000000001	1.22606	1.22674	841	2010	6	22	23	0	2	172
1277251200	1.2270699999999999	1.23431	1.22089	1.227	124315	2010	6	23	0	0	3	173
1277254800	1.22698	1.22784	1.22622	1.2265	1079	2010	6	23	1	0	3	173
1277258400	1.22662	1.22719	1.2245	1.22479	1843	2010	6	23	2	0	3	173
1277262000	1.2248	1.22663	1.22476	1.22661	2115	2010	6	23	3	0	3	173
1277265600	1.22667	1.22745	1.22608	1.2273399999999999	1388	2010	6	23	4	0	3	173
1277269200	1.2273	1.2274	1.22584	1.22628	1441	2010	6	23	5	0	3	173
1277272800	1.22625	1.2272	1.22608	1.22618	1396	2010	6	23	6	0	3	173
1277276400	1.22617	1.22718	1.22601	1.22613	1323	2010	6	23	7	0	3	173
1277280000	1.22613	1.22862	1.2254	1.22828	1918	2010	6	23	8	0	3	173
1277283600	1.22821	1.22958	1.22748	1.22911	1693	2010	6	23	9	0	3	173
1277287200	1.22905	1.23051	1.22748	1.22769	1375	2010	6	23	10	0	3	173
1277290800	1.22772	1.22916	1.2275	1.22805	1338	2010	6	23	11	0	3	173
1277294400	1.22818	1.22956	1.2273100000000001	1.22818	1190	2010	6	23	12	0	3	173
1277298000	1.22811	1.22841	1.22603	1.2269	1180	2010	6	23	13	0	3	173
1277301600	1.22698	1.22907	1.22631	1.22825	1371	2010	6	23	14	0	3	173
1277305200	1.22816	1.22856	1.22251	1.2236	1488	2010	6	23	15	0	3	173
1277308800	1.22283	1.22412	1.2209	1.2239	1152	2010	6	23	16	0	3	173
1277312400	1.22386	1.22395	1.22126	1.22231	1470	2010	6	23	17	0	3	173
1277316000	1.22244	1.22561	1.22241	1.2256	1273	2010	6	23	18	0	3	173
1277319600	1.2255	1.22743	1.22483	1.22713	1255	2010	6	23	19	0	3	173
1277323200	1.22717	1.23431	1.2270699999999999	1.23215	1850	2010	6	23	20	0	3	173
1277326800	1.23239	1.2327	1.23061	1.23108	1633	2010	6	23	21	0	3	173
1277330400	1.23098	1.23215	1.23092	1.23093	947	2010	6	23	22	0	3	173
1277334000	1.23094	1.2318500000000001	1.23054	1.23102	927	2010	6	23	23	0	3	173
1277337600	1.23089	1.23877	1.22614	1.23171	146749	2010	6	24	0	0	4	174
1277341200	1.23169	1.23175	1.22966	1.2306	1339	2010	6	24	1	0	4	174
1277344800	1.23062	1.23333	1.23047	1.23309	1745	2010	6	24	2	0	4	174
1277348400	1.2331	1.23387	1.23265	1.23323	1705	2010	6	24	3	0	4	174
1277352000	1.23325	1.2343	1.23306	1.23413	1307	2010	6	24	4	0	4	174
1277355600	1.2341199999999999	1.2351	1.2337500000000001	1.2347299999999999	1575	2010	6	24	5	0	4	174
1277359200	1.23476	1.23487	1.23297	1.2334	1393	2010	6	24	6	0	4	174
1277362800	1.23339	1.23377	1.23272	1.23283	1537	2010	6	24	7	0	4	174
1277366400	1.23282	1.23469	1.23114	1.2316	2059	2010	6	24	8	0	4	174
1277370000	1.2315800000000001	1.23218	1.2286	1.2286299999999999	2715	2010	6	24	9	0	4	174
1277373600	1.22861	1.22949	1.22616	1.22755	2936	2010	6	24	10	0	4	174
1277377200	1.2275800000000001	1.22904	1.22712	1.22807	2119	2010	6	24	11	0	4	174
1277380800	1.22804	1.22966	1.22762	1.22867	2047	2010	6	24	12	0	4	174
1277384400	1.22865	1.23003	1.22701	1.2278	2153	2010	6	24	13	0	4	174
1277388000	1.22782	1.22983	1.22614	1.22903	3011	2010	6	24	14	0	4	174
1277391600	1.22902	1.23202	1.22857	1.22961	3278	2010	6	24	15	0	4	174
1277395200	1.22953	1.23342	1.2295099999999999	1.23176	3250	2010	6	24	16	0	4	174
1277398800	1.23167	1.2378	1.23016	1.23658	3302	2010	6	24	17	0	4	174
1277402400	1.2366	1.23869	1.23567	1.23583	2768	2010	6	24	18	0	4	174
1277406000	1.23611	1.23672	1.2345	1.2359499999999999	2187	2010	6	24	19	0	4	174
1277409600	1.2359	1.23593	1.23258	1.23301	2149	2010	6	24	20	0	4	174
1277413200	1.23303	1.23374	1.23218	1.23249	2066	2010	6	24	21	0	4	174
1277416800	1.23247	1.23342	1.23239	1.2332	720	2010	6	24	22	0	4	174
1277420400	1.23321	1.2343	1.23252	1.23276	798	2010	6	24	23	0	4	174
1277424000	1.2331699999999999	1.23949	1.22538	1.23358	152927	2010	6	25	0	0	5	175
1277427600	1.23359	1.23383	1.23236	1.23349	874	2010	6	25	1	0	5	175
1277431200	1.23347	1.23366	1.22964	1.2307	2035	2010	6	25	2	0	5	175
1277434800	1.23074	1.23311	1.23047	1.2325	1883	2010	6	25	3	0	5	175
1277438400	1.23253	1.23316	1.23201	1.233	1279	2010	6	25	4	0	5	175
1277442000	1.23297	1.23301	1.23137	1.23223	1240	2010	6	25	5	0	5	175
1277445600	1.23225	1.23253	1.23037	1.2313399999999999	1661	2010	6	25	6	0	5	175
1277449200	1.2313399999999999	1.2325599999999999	1.23122	1.23244	1449	2010	6	25	7	0	5	175
1277452800	1.23245	1.23477	1.23239	1.23421	2053	2010	6	25	8	0	5	175
1277456400	1.2342	1.23498	1.23198	1.23307	2302	2010	6	25	9	0	5	175
1277460000	1.2331	1.2339	1.22875	1.22887	2365	2010	6	25	10	0	5	175
1277463600	1.22885	1.22885	1.22538	1.22675	2531	2010	6	25	11	0	5	175
1277467200	1.22679	1.22892	1.22581	1.2284	2099	2010	6	25	12	0	5	175
1277470800	1.22831	1.23181	1.2273399999999999	1.23135	2160	2010	6	25	13	0	5	175
1277474400	1.23118	1.23128	1.22805	1.22916	1915	2010	6	25	14	0	5	175
1277478000	1.22917	1.23103	1.22869	1.22977	1629	2010	6	25	15	0	5	175
1277481600	1.22976	1.23051	1.22807	1.2292	1827	2010	6	25	16	0	5	175
1277485200	1.22921	1.23368	1.22859	1.23303	1791	2010	6	25	17	0	5	175
1277488800	1.23307	1.23567	1.23282	1.23458	1659	2010	6	25	18	0	5	175
1277492400	1.23475	1.23942	1.23446	1.23832	1936	2010	6	25	19	0	5	175
1277496000	1.23836	1.23919	1.23796	1.2386	1629	2010	6	25	20	0	5	175
1277499600	1.23861	1.23892	1.2375099999999999	1.23837	1654	2010	6	25	21	0	5	175
1277503200	1.23822	1.2393	1.23685	1.23685	929	2010	6	25	22	0	5	175
1277506800	1.23681	1.23681	1.23681	1.23681	1	2010	6	25	23	0	5	175
1277683200	1.23718	1.23973	1.22654	1.2377799999999999	125888	2010	6	28	0	0	1	178
1277686800	1.23781	1.2388	1.23725	1.2386	877	2010	6	28	1	0	1	178
1277690400	1.23859	1.23966	1.23794	1.23933	1647	2010	6	28	2	0	1	178
1277694000	1.23931	1.23942	1.23754	1.23765	1496	2010	6	28	3	0	1	178
1277697600	1.23766	1.23865	1.23761	1.238	878	2010	6	28	4	0	1	178
1277701200	1.23797	1.2387	1.23777	1.23826	999	2010	6	28	5	0	1	178
1277704800	1.23823	1.23836	1.23734	1.2382	928	2010	6	28	6	0	1	178
1277708400	1.23817	1.23853	1.23761	1.23813	1278	2010	6	28	7	0	1	178
1277712000	1.2381	1.23817	1.2351	1.2361	2118	2010	6	28	8	0	1	178
1277715600	1.23607	1.23797	1.23479	1.2353399999999999	2646	2010	6	28	9	0	1	178
1277719200	1.23527	1.2376	1.23447	1.23687	2374	2010	6	28	10	0	1	178
1277722800	1.23688	1.23816	1.23561	1.23594	1868	2010	6	28	11	0	1	178
1277726400	1.23592	1.2366	1.2334100000000001	1.23356	2083	2010	6	28	12	0	1	178
1277730000	1.23354	1.23506	1.23303	1.23465	1852	2010	6	28	13	0	1	178
1277733600	1.23474	1.23485	1.23258	1.23322	2441	2010	6	28	14	0	1	178
1277737200	1.2332	1.23433	1.23212	1.2325	2456	2010	6	28	15	0	1	178
1277740800	1.23259	1.23344	1.23101	1.2331699999999999	2783	2010	6	28	16	0	1	178
1277744400	1.23307	1.23438	1.23164	1.23167	2506	2010	6	28	17	0	1	178
1277748000	1.23162	1.2318	1.2275800000000001	1.22978	2643	2010	6	28	18	0	1	178
1277751600	1.22984	1.22984	1.22651	1.22791	2190	2010	6	28	19	0	1	178
1277755200	1.22788	1.2295	1.22727	1.2286299999999999	1852	2010	6	28	20	0	1	178
1277758800	1.22864	1.2295	1.22706	1.22722	1593	2010	6	28	21	0	1	178
1277762400	1.2272	1.22797	1.22695	1.22763	819	2010	6	28	22	0	1	178
1277766000	1.22761	1.22817	1.22703	1.22803	654	2010	6	28	23	0	1	178
1277769600	1.22755	1.22907	1.21515	1.22714	147571	2010	6	29	0	0	2	179
1277773200	1.22711	1.22877	1.22711	1.22868	851	2010	6	29	1	0	2	179
1277776800	1.22866	1.22902	1.22757	1.2281	1267	2010	6	29	2	0	2	179
1277780400	1.22808	1.22879	1.22808	1.22864	869	2010	6	29	3	0	2	179
1277784000	1.2286299999999999	1.22872	1.22663	1.22739	1237	2010	6	29	4	0	2	179
1277787600	1.2274	1.22776	1.22571	1.22647	1408	2010	6	29	5	0	2	179
1277791200	1.22649	1.2271	1.22578	1.22667	1361	2010	6	29	6	0	2	179
1277794800	1.2267000000000001	1.22677	1.22513	1.2261199999999999	1639	2010	6	29	7	0	2	179
1277798400	1.22605	1.2261	1.2229700000000001	1.22376	2751	2010	6	29	8	0	2	179
1277802000	1.22367	1.22462	1.22122	1.2215799999999999	2774	2010	6	29	9	0	2	179
1277805600	1.22157	1.22216	1.2179	1.21932	2828	2010	6	29	10	0	2	179
1277809200	1.21934	1.22074	1.21804	1.2193	2273	2010	6	29	11	0	2	179
1277812800	1.21925	1.22023	1.2187000000000001	1.21897	1840	2010	6	29	12	0	2	179
1277816400	1.219	1.21985	1.21844	1.21967	2165	2010	6	29	13	0	2	179
1277820000	1.2196500000000001	1.22171	1.21951	1.2205	1969	2010	6	29	14	0	2	179
1277823600	1.22047	1.2214800000000001	1.21662	1.21821	2202	2010	6	29	15	0	2	179
1277827200	1.21827	1.21829	1.21495	1.21773	2151	2010	6	29	16	0	2	179
1277830800	1.21768	1.21957	1.21762	1.2185	1809	2010	6	29	17	0	2	179
1277834400	1.21848	1.22089	1.2182	1.22082	1720	2010	6	29	18	0	2	179
1277838000	1.2209	1.2209	1.2187000000000001	1.21971	1629	2010	6	29	19	0	2	179
1277841600	1.21966	1.2213	1.21936	1.22074	1826	2010	6	29	20	0	2	179
1277845200	1.22076	1.22126	1.21868	1.21972	2008	2010	6	29	21	0	2	179
1277848800	1.2196500000000001	1.2197	1.21853	1.2187000000000001	919	2010	6	29	22	0	2	179
1277852400	1.21884	1.219	1.21765	1.21886	876	2010	6	29	23	0	2	179
1277856000	1.21869	1.23042	1.2166299999999999	1.21882	184092	2010	6	30	0	0	3	180
1277859600	1.21884	1.21902	1.21781	1.21862	1046	2010	6	30	1	0	3	180
1277863200	1.21867	1.2189	1.21662	1.21812	1992	2010	6	30	2	0	3	180
1277866800	1.21813	1.22042	1.21764	1.21996	1856	2010	6	30	3	0	3	180
1277870400	1.21999	1.22151	1.21956	1.22134	1833	2010	6	30	4	0	3	180
1277874000	1.22141	1.22153	1.22072	1.22121	1071	2010	6	30	5	0	3	180
1277877600	1.22122	1.22227	1.22108	1.22212	1033	2010	6	30	6	0	3	180
1277881200	1.22207	1.22216	1.22034	1.22129	1591	2010	6	30	7	0	3	180
1277884800	1.22132	1.22384	1.22081	1.22338	2343	2010	6	30	8	0	3	180
1277888400	1.2234099999999999	1.2234099999999999	1.22137	1.22287	2561	2010	6	30	9	0	3	180
1277892000	1.22274	1.22357	1.22058	1.22151	2376	2010	6	30	10	0	3	180
1277895600	1.2214800000000001	1.22841	1.22056	1.22776	3705	2010	6	30	11	0	3	180
1277899200	1.22769	1.23038	1.22756	1.22877	2639	2010	6	30	12	0	3	180
1277902800	1.22873	1.22949	1.22658	1.22676	2305	2010	6	30	13	0	3	180
1277906400	1.22687	1.2273100000000001	1.22464	1.22477	3141	2010	6	30	14	0	3	180
1277910000	1.22476	1.22667	1.22308	1.2257500000000001	3213	2010	6	30	15	0	3	180
1277913600	1.22568	1.22936	1.22459	1.22465	3604	2010	6	30	16	0	3	180
1277917200	1.2247	1.22972	1.22457	1.22899	3115	2010	6	30	17	0	3	180
1277920800	1.22898	1.22921	1.22562	1.2258	1984	2010	6	30	18	0	3	180
1277924400	1.22579	1.22691	1.22537	1.22632	1570	2010	6	30	19	0	3	180
1277928000	1.22633	1.22683	1.22339	1.22423	2687	2010	6	30	20	0	3	180
1277931600	1.22426	1.22471	1.22275	1.22276	2237	2010	6	30	21	0	3	180
1277935200	1.22278	1.22374	1.22251	1.22362	1144	2010	6	30	22	0	3	180
1277938800	1.22359	1.22382	1.22273	1.22302	873	2010	6	30	23	0	3	180
