1272844800	1.3348900000000001	1.33527	1.31545	1.33196	78124	2010	5	3	0	0	1	122
1272848400	1.33199	1.33253	1.33109	1.3311600000000001	865	2010	5	3	1	0	1	122
1272852000	1.33118	1.33118	1.3256700000000001	1.32626	1770	2010	5	3	2	0	1	122
1272855600	1.32623	1.32727	1.32142	1.32239	1976	2010	5	3	3	0	1	122
1272859200	1.32237	1.3234	1.32087	1.3234	1321	2010	5	3	4	0	1	122
1272862800	1.32342	1.32346	1.32102	1.32153	622	2010	5	3	5	0	1	122
1272866400	1.32155	1.3227	1.32054	1.32225	969	2010	5	3	6	0	1	122
1272870000	1.32226	1.32422	1.32209	1.3237	1016	2010	5	3	7	0	1	122
1272873600	1.32371	1.32525	1.32236	1.32239	1583	2010	5	3	8	0	1	122
1272877200	1.32246	1.32365	1.32131	1.32359	2218	2010	5	3	9	0	1	122
1272880800	1.32358	1.3247200000000001	1.32287	1.32318	1533	2010	5	3	10	0	1	122
1272884400	1.3231899999999999	1.3241399999999999	1.3229899999999999	1.32351	1276	2010	5	3	11	0	1	122
1272888000	1.3235299999999999	1.32382	1.32257	1.3229199999999999	2191	2010	5	3	12	0	1	122
1272891600	1.32291	1.32423	1.3225	1.32372	1485	2010	5	3	13	0	1	122
1272895200	1.3237700000000001	1.3244	1.32344	1.32348	1579	2010	5	3	14	0	1	122
1272898800	1.32346	1.32392	1.32267	1.32291	2069	2010	5	3	15	0	1	122
1272902400	1.32293	1.32304	1.3167200000000001	1.3174299999999999	3067	2010	5	3	16	0	1	122
1272906000	1.31744	1.31849	1.3154	1.31814	2456	2010	5	3	17	0	1	122
1272909600	1.31813	1.31995	1.31813	1.31973	1510	2010	5	3	18	0	1	122
1272913200	1.31972	1.31972	1.31833	1.31931	1388	2010	5	3	19	0	1	122
1272916800	1.31934	1.3214000000000001	1.31927	1.32117	1132	2010	5	3	20	0	1	122
1272920400	1.32116	1.32121	1.31921	1.31947	1335	2010	5	3	21	0	1	122
1272924000	1.3195000000000001	1.31986	1.31855	1.31942	937	2010	5	3	22	0	1	122
1272927600	1.31934	1.31978	1.31875	1.31888	738	2010	5	3	23	0	1	122
1272931200	1.31937	1.3213	1.29813	1.3197999999999999	105685	2010	5	4	0	0	2	123
1272934800	1.31982	1.32004	1.31885	1.31942	626	2010	5	4	1	0	2	123
1272938400	1.31947	1.3212	1.31915	1.32083	954	2010	5	4	2	0	2	123
1272942000	1.32084	1.32131	1.3197	1.32073	896	2010	5	4	3	0	2	123
1272945600	1.32076	1.32122	1.31928	1.32013	893	2010	5	4	4	0	2	123
1272949200	1.32012	1.32039	1.31943	1.3201800000000001	647	2010	5	4	5	0	2	123
1272952800	1.3202	1.3209	1.31949	1.32069	845	2010	5	4	6	0	2	123
1272956400	1.3207200000000001	1.32073	1.31717	1.31761	1451	2010	5	4	7	0	2	123
1272960000	1.3176	1.3189199999999999	1.31659	1.31745	2459	2010	5	4	8	0	2	123
1272963600	1.31744	1.31765	1.31456	1.31662	2598	2010	5	4	9	0	2	123
1272967200	1.31661	1.31812	1.31272	1.3131300000000001	2888	2010	5	4	10	0	2	123
1272970800	1.31312	1.31447	1.3117	1.31305	2810	2010	5	4	11	0	2	123
1272974400	1.3130600000000001	1.31359	1.3112	1.31208	2427	2010	5	4	12	0	2	123
1272978000	1.31205	1.31345	1.30876	1.30948	2803	2010	5	4	13	0	2	123
1272981600	1.30951	1.3103799999999999	1.30661	1.30664	3281	2010	5	4	14	0	2	123
1272985200	1.30668	1.30752	1.3037	1.3056	3560	2010	5	4	15	0	2	123
1272988800	1.30559	1.30657	1.3030300000000001	1.30324	3947	2010	5	4	16	0	2	123
1272992400	1.30322	1.30382	1.30207	1.30381	2912	2010	5	4	17	0	2	123
1272996000	1.30383	1.30466	1.30278	1.3038	2813	2010	5	4	18	0	2	123
1272999600	1.30381	1.30398	1.30112	1.30209	2185	2010	5	4	19	0	2	123
1273003200	1.30213	1.30217	1.29936	1.3002	2086	2010	5	4	20	0	2	123
1273006800	1.30016	1.3018100000000001	1.29944	1.30038	1783	2010	5	4	21	0	2	123
1273010400	1.30035	1.3004	1.29812	1.2986900000000001	1409	2010	5	4	22	0	2	123
1273014000	1.29868	1.29882	1.29629	1.29718	1667	2010	5	4	23	0	2	123
1273017600	1.29859	1.29962	1.28036	1.2965499999999999	149492	2010	5	5	0	0	3	124
1273021200	1.29654	1.29793	1.2965	1.29773	1054	2010	5	5	1	0	3	124
1273024800	1.29775	1.29917	1.29373	1.294	1711	2010	5	5	2	0	3	124
1273028400	1.29401	1.29602	1.2938100000000001	1.29554	1914	2010	5	5	3	0	3	124
1273032000	1.29555	1.29663	1.2953299999999999	1.29584	1152	2010	5	5	4	0	3	124
1273035600	1.2959	1.29679	1.2956699999999999	1.29586	1335	2010	5	5	5	0	3	124
1273039200	1.29587	1.2959100000000001	1.2936	1.29496	1361	2010	5	5	6	0	3	124
1273042800	1.29494	1.2974	1.29491	1.2968199999999999	1796	2010	5	5	7	0	3	124
1273046400	1.2968	1.29956	1.2964	1.29936	2468	2010	5	5	8	0	3	124
1273050000	1.29934	1.29934	1.29345	1.2948	3203	2010	5	5	9	0	3	124
1273053600	1.29478	1.2971300000000001	1.29417	1.29706	3223	2010	5	5	10	0	3	124
1273057200	1.29698	1.29932	1.29661	1.29706	3143	2010	5	5	11	0	3	124
1273060800	1.29704	1.29818	1.29389	1.29396	2344	2010	5	5	12	0	3	124
1273064400	1.294	1.294	1.29148	1.2925900000000001	2807	2010	5	5	13	0	3	124
1273068000	1.29258	1.2943500000000001	1.2859	1.28603	4188	2010	5	5	14	0	3	124
1273071600	1.28599	1.28602	1.28034	1.28447	4795	2010	5	5	15	0	3	124
1273075200	1.28453	1.2873700000000001	1.28438	1.28678	3852	2010	5	5	16	0	3	124
1273078800	1.28663	1.28895	1.2847	1.28892	3489	2010	5	5	17	0	3	124
1273082400	1.28891	1.29044	1.287	1.28894	2598	2010	5	5	18	0	3	124
1273086000	1.2889599999999999	1.2889599999999999	1.28556	1.2859099999999999	2238	2010	5	5	19	0	3	124
1273089600	1.28592	1.2863	1.28144	1.28241	2827	2010	5	5	20	0	3	124
1273093200	1.28243	1.2828	1.2809	1.28203	2152	2010	5	5	21	0	3	124
1273096800	1.28201	1.28264	1.28121	1.28132	1098	2010	5	5	22	0	3	124
1273100400	1.28131	1.28257	1.27891	1.28182	1461	2010	5	5	23	0	3	124
1273104000	1.28124	1.28568	1.2517800000000001	1.28132	169825	2010	5	6	0	0	4	125
1273107600	1.28134	1.28261	1.28119	1.28156	1109	2010	5	6	1	0	4	125
1273111200	1.2816	1.28468	1.2815699999999999	1.28357	1550	2010	5	6	2	0	4	125
1273114800	1.28354	1.2846	1.28239	1.28327	1443	2010	5	6	3	0	4	125
1273118400	1.28325	1.2855699999999999	1.28314	1.2846	1228	2010	5	6	4	0	4	125
1273122000	1.2846199999999999	1.28511	1.28407	1.28449	731	2010	5	6	5	0	4	125
1273125600	1.28446	1.28447	1.2818100000000001	1.28255	1169	2010	5	6	6	0	4	125
1273129200	1.28259	1.28338	1.2812700000000001	1.28324	1357	2010	5	6	7	0	4	125
1273132800	1.2832	1.28323	1.27387	1.2743	3448	2010	5	6	8	0	4	125
1273136400	1.27433	1.28082	1.27371	1.2795	3693	2010	5	6	9	0	4	125
1273140000	1.2794699999999999	1.2825	1.27701	1.28165	3484	2010	5	6	10	0	4	125
1273143600	1.28172	1.28196	1.27625	1.27722	3287	2010	5	6	11	0	4	125
1273147200	1.27724	1.28009	1.2772299999999999	1.27831	2756	2010	5	6	12	0	4	125
1273150800	1.27836	1.27854	1.27177	1.27294	3800	2010	5	6	13	0	4	125
1273154400	1.27291	1.2747899999999999	1.2709	1.27092	4191	2010	5	6	14	0	4	125
1273158000	1.27096	1.2752	1.26915	1.27457	5571	2010	5	6	15	0	4	125
1273161600	1.27468	1.27694	1.26882	1.27106	4445	2010	5	6	16	0	4	125
1273165200	1.27102	1.27219	1.26542	1.26883	4481	2010	5	6	17	0	4	125
1273168800	1.26879	1.27396	1.26875	1.27315	4236	2010	5	6	18	0	4	125
1273172400	1.27313	1.27329	1.26695	1.26719	3634	2010	5	6	19	0	4	125
1273176000	1.26722	1.26752	1.2527	1.25961	5812	2010	5	6	20	0	4	125
1273179600	1.2595399999999999	1.26421	1.25699	1.2625600000000001	5524	2010	5	6	21	0	4	125
1273183200	1.26255	1.26314	1.26032	1.2619	2871	2010	5	6	22	0	4	125
1273186800	1.2619099999999999	1.26601	1.2615	1.26296	2631	2010	5	6	23	0	4	125
1273190400	1.26175	1.27978	1.25857	1.2625199999999999	229551	2010	5	7	0	0	5	126
1273194000	1.26253	1.26768	1.26192	1.26539	2401	2010	5	7	1	0	5	126
1273197600	1.2654	1.2658	1.2586	1.26129	3041	2010	5	7	2	0	5	126
1273201200	1.2612999999999999	1.2653699999999999	1.26056	1.26455	2793	2010	5	7	3	0	5	126
1273204800	1.26487	1.27213	1.26482	1.27078	2949	2010	5	7	4	0	5	126
1273208400	1.2707899999999999	1.2708	1.26833	1.27065	2315	2010	5	7	5	0	5	126
1273212000	1.27067	1.27355	1.26851	1.26949	2545	2010	5	7	6	0	5	126
1273215600	1.26948	1.2698800000000001	1.26546	1.2686899999999999	3273	2010	5	7	7	0	5	126
1273219200	1.26867	1.27101	1.26601	1.2662900000000001	4085	2010	5	7	8	0	5	126
1273222800	1.26634	1.2742200000000001	1.2635	1.27122	5083	2010	5	7	9	0	5	126
1273226400	1.2711999999999999	1.2772299999999999	1.27097	1.27276	4198	2010	5	7	10	0	5	126
1273230000	1.27277	1.27649	1.27129	1.2738	3860	2010	5	7	11	0	5	126
1273233600	1.27378	1.27973	1.27348	1.2788300000000001	3924	2010	5	7	12	0	5	126
1273237200	1.2788599999999999	1.2793999999999999	1.2724	1.2730000000000001	3516	2010	5	7	13	0	5	126
1273240800	1.27292	1.27539	1.26754	1.27067	5050	2010	5	7	14	0	5	126
1273244400	1.27061	1.27129	1.26665	1.26787	4955	2010	5	7	15	0	5	126
1273248000	1.2679	1.2681499999999999	1.26102	1.26501	5761	2010	5	7	16	0	5	126
1273251600	1.26498	1.27524	1.2634	1.27154	5570	2010	5	7	17	0	5	126
1273255200	1.2715	1.2771	1.27029	1.2705	4564	2010	5	7	18	0	5	126
1273258800	1.27044	1.27409	1.26899	1.27316	3436	2010	5	7	19	0	5	126
1273262400	1.27319	1.27495	1.2718	1.2732700000000001	3170	2010	5	7	20	0	5	126
1273266000	1.27324	1.27349	1.27074	1.2730299999999999	3039	2010	5	7	21	0	5	126
1273269600	1.27306	1.27572	1.2729300000000001	1.27518	1349	2010	5	7	22	0	5	126
1273449600	1.28732	1.30941	1.27582	1.28772	106088	2010	5	10	0	0	1	129
1273453200	1.28775	1.28883	1.28403	1.28663	2650	2010	5	10	1	0	1	129
1273456800	1.28662	1.29244	1.28173	1.28468	3775	2010	5	10	2	0	1	129
1273460400	1.2846899999999999	1.28879	1.28078	1.28833	3352	2010	5	10	3	0	1	129
1273464000	1.28834	1.2939	1.2879800000000001	1.29199	2810	2010	5	10	4	0	1	129
1273467600	1.2919800000000001	1.29677	1.29187	1.29453	2263	2010	5	10	5	0	1	129
1273471200	1.29449	1.29588	1.2919	1.29215	1749	2010	5	10	6	0	1	129
1273474800	1.29213	1.29358	1.29009	1.29344	2841	2010	5	10	7	0	1	129
1273478400	1.29343	1.2988	1.29343	1.2974999999999999	3906	2010	5	10	8	0	1	129
1273482000	1.29749	1.30456	1.29424	1.30382	4434	2010	5	10	9	0	1	129
1273485600	1.30383	1.30934	1.30276	1.30442	4395	2010	5	10	10	0	1	129
1273489200	1.30445	1.30668	1.30157	1.30325	3478	2010	5	10	11	0	1	129
1273492800	1.30321	1.30324	1.29772	1.29934	3023	2010	5	10	12	0	1	129
1273496400	1.29931	1.30115	1.29617	1.29679	4000	2010	5	10	13	0	1	129
1273500000	1.2967	1.29881	1.28772	1.29287	4850	2010	5	10	14	0	1	129
1273503600	1.29291	1.2943500000000001	1.28791	1.28813	4762	2010	5	10	15	0	1	129
1273507200	1.2881	1.28826	1.28159	1.2836699999999999	5211	2010	5	10	16	0	1	129
1273510800	1.28375	1.28728	1.28234	1.28601	3866	2010	5	10	17	0	1	129
1273514400	1.2860800000000001	1.28789	1.28092	1.2809599999999999	3341	2010	5	10	18	0	1	129
1273518000	1.28095	1.28177	1.27629	1.27994	3065	2010	5	10	19	0	1	129
1273521600	1.27996	1.28099	1.27759	1.2801	2145	2010	5	10	20	0	1	129
1273525200	1.28014	1.28029	1.27588	1.27841	2340	2010	5	10	21	0	1	129
1273528800	1.27839	1.28024	1.27756	1.27864	1556	2010	5	10	22	0	1	129
1273532400	1.27863	1.27924	1.27758	1.27864	1182	2010	5	10	23	0	1	129
1273536000	1.27862	1.2803	1.26563	1.27786	154321	2010	5	11	0	0	2	130
1273539600	1.2778399999999999	1.2778800000000001	1.27224	1.27368	2347	2010	5	11	1	0	2	130
1273543200	1.27369	1.27875	1.27343	1.27711	2870	2010	5	11	2	0	2	130
1273546800	1.27715	1.28022	1.2763	1.27823	2134	2010	5	11	3	0	2	130
1273550400	1.2782200000000001	1.27953	1.27568	1.27649	1729	2010	5	11	4	0	2	130
1273554000	1.27648	1.27685	1.2744900000000001	1.27468	1470	2010	5	11	5	0	2	130
1273557600	1.27466	1.27466	1.27061	1.27348	2742	2010	5	11	6	0	2	130
1273561200	1.27347	1.27474	1.2716	1.2726199999999999	2579	2010	5	11	7	0	2	130
1273564800	1.2726	1.27274	1.26777	1.27054	3889	2010	5	11	8	0	2	130
1273568400	1.27057	1.27587	1.26968	1.2745199999999999	3540	2010	5	11	9	0	2	130
1273572000	1.2745	1.27466	1.26733	1.26875	3088	2010	5	11	10	0	2	130
1273575600	1.26871	1.27099	1.26688	1.26931	3266	2010	5	11	11	0	2	130
1273579200	1.26935	1.27139	1.26785	1.26802	2702	2010	5	11	12	0	2	130
1273582800	1.26799	1.26949	1.26661	1.26763	3000	2010	5	11	13	0	2	130
1273586400	1.26766	1.27136	1.26766	1.26969	3654	2010	5	11	14	0	2	130
1273590000	1.26968	1.27467	1.26951	1.27288	3816	2010	5	11	15	0	2	130
1273593600	1.27289	1.27405	1.26841	1.26897	4299	2010	5	11	16	0	2	130
1273597200	1.26895	1.27337	1.2684	1.27149	4028	2010	5	11	17	0	2	130
1273600800	1.2715	1.27491	1.26989	1.2742	3218	2010	5	11	18	0	2	130
1273604400	1.27423	1.27467	1.2718099999999999	1.27399	2474	2010	5	11	19	0	2	130
1273608000	1.27393	1.27408	1.26923	1.26942	2865	2010	5	11	20	0	2	130
1273611600	1.26941	1.27023	1.26801	1.2682	2395	2010	5	11	21	0	2	130
1273615200	1.26825	1.26879	1.26562	1.26607	2049	2010	5	11	22	0	2	130
1273618800	1.26606	1.26678	1.26266	1.26328	2003	2010	5	11	23	0	2	130
1273622400	1.26604	1.2739	1.26053	1.26325	139278	2010	5	12	0	0	3	131
1273626000	1.26326	1.26422	1.26265	1.26409	1283	2010	5	12	1	0	3	131
1273629600	1.2641	1.26639	1.26215	1.2628	2329	2010	5	12	2	0	3	131
1273633200	1.26282	1.26525	1.26277	1.26421	1673	2010	5	12	3	0	3	131
1273636800	1.26424	1.26526	1.26327	1.26407	1366	2010	5	12	4	0	3	131
1273640400	1.26409	1.26436	1.26308	1.26366	1349	2010	5	12	5	0	3	131
1273644000	1.26363	1.26384	1.26055	1.26055	2150	2010	5	12	6	0	3	131
1273647600	1.26056	1.26462	1.26051	1.26462	2672	2010	5	12	7	0	3	131
1273651200	1.26459	1.26567	1.26241	1.26395	3284	2010	5	12	8	0	3	131
1273654800	1.26384	1.26741	1.26312	1.2665	3396	2010	5	12	9	0	3	131
1273658400	1.2664900000000001	1.27383	1.26641	1.27218	3856	2010	5	12	10	0	3	131
1273662000	1.27219	1.27222	1.26773	1.26963	4233	2010	5	12	11	0	3	131
1273665600	1.2696100000000001	1.2711700000000001	1.2658800000000001	1.26613	3311	2010	5	12	12	0	3	131
1273669200	1.26612	1.26946	1.26559	1.2686600000000001	2685	2010	5	12	13	0	3	131
1273672800	1.2692	1.26958	1.26627	1.26701	3220	2010	5	12	14	0	3	131
1273676400	1.26699	1.2695	1.2665	1.26938	3503	2010	5	12	15	0	3	131
1273680000	1.26942	1.27089	1.26628	1.2680500000000001	3967	2010	5	12	16	0	3	131
1273683600	1.268	1.26917	1.2625	1.26409	4108	2010	5	12	17	0	3	131
1273687200	1.2641	1.26584	1.2636	1.26551	2438	2010	5	12	18	0	3	131
1273690800	1.26543	1.26563	1.26172	1.262	2485	2010	5	12	19	0	3	131
1273694400	1.26197	1.26377	1.26187	1.2631999999999999	2104	2010	5	12	20	0	3	131
1273698000	1.26318	1.26352	1.2619099999999999	1.26268	1321	2010	5	12	21	0	3	131
1273701600	1.2627	1.26282	1.26111	1.26131	1430	2010	5	12	22	0	3	131
1273705200	1.2613400000000001	1.26386	1.2612	1.26334	905	2010	5	12	23	0	3	131
1273708800	1.26124	1.2684199999999999	1.2518	1.2631299999999999	114466	2010	5	13	0	0	4	132
1273712400	1.26312	1.26463	1.2628300000000001	1.26455	940	2010	5	13	1	0	4	132
1273716000	1.26452	1.26516	1.26271	1.26332	1422	2010	5	13	2	0	4	132
1273719600	1.2633	1.26517	1.26308	1.26505	1393	2010	5	13	3	0	4	132
1273723200	1.26509	1.26603	1.26377	1.26493	1256	2010	5	13	4	0	4	132
1273726800	1.26489	1.26576	1.2642	1.2647300000000001	1010	2010	5	13	5	0	4	132
1273730400	1.26472	1.26673	1.264	1.26583	1180	2010	5	13	6	0	4	132
1273734000	1.26577	1.2671000000000001	1.26539	1.26704	1465	2010	5	13	7	0	4	132
1273737600	1.26705	1.2681200000000001	1.26585	1.26684	2242	2010	5	13	8	0	4	132
1273741200	1.26706	1.26834	1.26342	1.26467	2425	2010	5	13	9	0	4	132
1273744800	1.2646600000000001	1.26547	1.25723	1.2579799999999999	3313	2010	5	13	10	0	4	132
1273748400	1.258	1.25931	1.25617	1.25891	3496	2010	5	13	11	0	4	132
1273752000	1.25889	1.2606600000000001	1.25751	1.2586	2439	2010	5	13	12	0	4	132
1273755600	1.25858	1.26099	1.25845	1.25952	1834	2010	5	13	13	0	4	132
1273759200	1.2595	1.2604199999999999	1.25521	1.2557800000000001	2844	2010	5	13	14	0	4	132
1273762800	1.2558	1.25716	1.2539799999999999	1.25514	3933	2010	5	13	15	0	4	132
1273766400	1.25499	1.25838	1.25455	1.25656	3343	2010	5	13	16	0	4	132
1273770000	1.25657	1.25915	1.2551	1.25672	3396	2010	5	13	17	0	4	132
1273773600	1.2567	1.25826	1.25577	1.25787	1845	2010	5	13	18	0	4	132
1273777200	1.25789	1.25964	1.25666	1.25823	1922	2010	5	13	19	0	4	132
1273780800	1.25826	1.25908	1.25541	1.25629	1554	2010	5	13	20	0	4	132
1273784400	1.25632	1.2567300000000001	1.25301	1.2530299999999999	2416	2010	5	13	21	0	4	132
1273788000	1.25306	1.2536800000000001	1.25184	1.25339	1560	2010	5	13	22	0	4	132
1273791600	1.2534	1.25401	1.25159	1.25223	1321	2010	5	13	23	0	4	132
1273795200	1.25339	1.25757	1.23535	1.25373	147072	2010	5	14	0	0	5	133
1273798800	1.25372	1.25401	1.25256	1.25314	932	2010	5	14	1	0	5	133
1273802400	1.25316	1.25435	1.25173	1.25243	1738	2010	5	14	2	0	5	133
1273806000	1.2524600000000001	1.25399	1.25199	1.25365	1403	2010	5	14	3	0	5	133
1273809600	1.2536800000000001	1.25496	1.2526	1.25309	1245	2010	5	14	4	0	5	133
1273813200	1.25306	1.25391	1.2528000000000001	1.2536	880	2010	5	14	5	0	5	133
1273816800	1.25358	1.25477	1.25351	1.25417	1215	2010	5	14	6	0	5	133
1273820400	1.25419	1.25593	1.25196	1.25311	1719	2010	5	14	7	0	5	133
1273824000	1.2530700000000001	1.2573699999999999	1.25234	1.2567599999999999	2579	2010	5	14	8	0	5	133
1273827600	1.25679	1.25753	1.25199	1.2523	3368	2010	5	14	9	0	5	133
1273831200	1.25229	1.25282	1.24807	1.24824	3688	2010	5	14	10	0	5	133
1273834800	1.24825	1.24932	1.24338	1.24424	4137	2010	5	14	11	0	5	133
1273838400	1.24415	1.24711	1.24377	1.24637	3080	2010	5	14	12	0	5	133
1273842000	1.24638	1.24884	1.24632	1.24787	2850	2010	5	14	13	0	5	133
1273845600	1.24785	1.25328	1.24721	1.2518799999999999	4728	2010	5	14	14	0	5	133
1273849200	1.25189	1.25189	1.24381	1.24426	4900	2010	5	14	15	0	5	133
1273852800	1.24431	1.24615	1.24206	1.2426	4846	2010	5	14	16	0	5	133
1273856400	1.24258	1.24258	1.23587	1.23896	5141	2010	5	14	17	0	5	133
1273860000	1.23895	1.24002	1.23637	1.23986	2012	2010	5	14	18	0	5	133
1273863600	1.23906	1.2402	1.23828	1.2393	1150	2010	5	14	19	0	5	133
1273867200	1.23932	1.24031	1.23824	1.23827	2388	2010	5	14	20	0	5	133
1273870800	1.2386300000000001	1.2395100000000001	1.2370700000000001	1.23788	2182	2010	5	14	21	0	5	133
1273874400	1.23791	1.23838	1.23529	1.23577	1719	2010	5	14	22	0	5	133
1273878000	1.23569	1.23569	1.23561	1.23566	7	2010	5	14	23	0	5	133
1274054400	1.23394	1.24142	1.22339	1.23703	130761	2010	5	17	0	0	1	136
1274058000	1.237	1.23712	1.23532	1.23578	1381	2010	5	17	1	0	1	136
1274061600	1.2358	1.23643	1.23323	1.23467	2380	2010	5	17	2	0	1	136
1274065200	1.2347299999999999	1.23628	1.23339	1.23432	2581	2010	5	17	3	0	1	136
1274068800	1.23429	1.23429	1.22332	1.22696	4230	2010	5	17	4	0	1	136
1274072400	1.22698	1.22897	1.22509	1.22659	2809	2010	5	17	5	0	1	136
1274076000	1.22657	1.2291400000000001	1.22643	1.2291400000000001	2100	2010	5	17	6	0	1	136
1274079600	1.22912	1.2295099999999999	1.22543	1.22709	3052	2010	5	17	7	0	1	136
1274083200	1.22716	1.2311	1.22684	1.23009	10248	2010	5	17	8	0	1	136
1274086800	1.23013	1.2321	1.2254800000000001	1.22709	11174	2010	5	17	9	0	1	136
1274090400	1.22709	1.2304	1.22639	1.2282899999999999	10506	2010	5	17	10	0	1	136
1274094000	1.2282899999999999	1.2328999999999999	1.22811	1.22989	10080	2010	5	17	11	0	1	136
1274097600	1.22989	1.2328000000000001	1.2297	1.23117	8494	2010	5	17	12	0	1	136
1274101200	1.23117	1.23642	1.23108	1.23527	10534	2010	5	17	13	0	1	136
1274104800	1.23528	1.23653	1.23268	1.23406	10920	2010	5	17	14	0	1	136
1274108400	1.23406	1.24138	1.23393	1.23675	12374	2010	5	17	15	0	1	136
1274112000	1.23675	1.23868	1.23334	1.2335	12648	2010	5	17	16	0	1	136
1274115600	1.23342	1.2346	1.22956	1.22984	12024	2010	5	17	17	0	1	136
1274119200	1.22988	1.23322	1.22809	1.23208	9904	2010	5	17	18	0	1	136
1274122800	1.23212	1.23573	1.2316799999999999	1.23561	2579	2010	5	17	19	0	1	136
1274126400	1.23567	1.23952	1.23398	1.23857	3394	2010	5	17	20	0	1	136
1274130000	1.23856	1.23988	1.23668	1.23824	2778	2010	5	17	21	0	1	136
1274133600	1.23822	1.23977	1.23803	1.23945	1450	2010	5	17	22	0	1	136
1274137200	1.23946	1.2399499999999999	1.23871	1.23968	1145	2010	5	17	23	0	1	136
1274140800	1.23947	1.24441	1.21608	1.23888	163044	2010	5	18	0	0	2	137
1274144400	1.23889	1.23891	1.23736	1.23824	1402	2010	5	18	1	0	2	137
1274148000	1.23823	1.23852	1.23404	1.23423	2107	2010	5	18	2	0	2	137
1274151600	1.23428	1.2358500000000001	1.23238	1.23566	2373	2010	5	18	3	0	2	137
1274155200	1.23563	1.23563	1.23187	1.23196	1357	2010	5	18	4	0	2	137
1274158800	1.2319499999999999	1.23401	1.2314	1.23352	1968	2010	5	18	5	0	2	137
1274162400	1.2335	1.23445	1.23307	1.23332	1813	2010	5	18	6	0	2	137
1274166000	1.2333	1.23644	1.23155	1.23639	2556	2010	5	18	7	0	2	137
1274169600	1.23635	1.2393	1.23511	1.2380200000000001	3304	2010	5	18	8	0	2	137
1274173200	1.23804	1.24218	1.23662	1.23843	4038	2010	5	18	9	0	2	137
1274176800	1.23842	1.24323	1.23799	1.23955	4076	2010	5	18	10	0	2	137
1274180400	1.23948	1.2423	1.23644	1.24085	3758	2010	5	18	11	0	2	137
1274184000	1.2408299999999999	1.24276	1.24	1.2406	3284	2010	5	18	12	0	2	137
1274187600	1.24058	1.24437	1.2402199999999999	1.24268	3139	2010	5	18	13	0	2	137
1274191200	1.24269	1.24334	1.23979	1.24114	3343	2010	5	18	14	0	2	137
1274194800	1.2411699999999999	1.24352	1.24009	1.24164	3513	2010	5	18	15	0	2	137
1274198400	1.24159	1.24171	1.23633	1.23722	4479	2010	5	18	16	0	2	137
1274202000	1.23728	1.2381	1.23499	1.2357	4109	2010	5	18	17	0	2	137
1274205600	1.23567	1.23716	1.233	1.23357	2975	2010	5	18	18	0	2	137
1274209200	1.23362	1.23366	1.22619	1.22642	4676	2010	5	18	19	0	2	137
1274212800	1.2264	1.22765	1.22013	1.22027	4319	2010	5	18	20	0	2	137
1274216400	1.22033	1.22308	1.21616	1.22083	4493	2010	5	18	21	0	2	137
1274220000	1.22081	1.22189	1.21963	1.22018	2579	2010	5	18	22	0	2	137
1274223600	1.22017	1.22019	1.21581	1.2171	2116	2010	5	18	23	0	2	137
1274227200	1.22017	1.2423899999999999	1.21437	1.21822	222204	2010	5	19	0	0	3	138
1274230800	1.2182	1.21961	1.21435	1.21445	1903	2010	5	19	1	0	3	138
1274234400	1.2144300000000001	1.21865	1.21442	1.21644	3335	2010	5	19	2	0	3	138
1274238000	1.21647	1.21928	1.21528	1.21807	2598	2010	5	19	3	0	3	138
1274241600	1.2181	1.22083	1.21793	1.22028	2273	2010	5	19	4	0	3	138
1274245200	1.22027	1.22237	1.2183	1.2193	2359	2010	5	19	5	0	3	138
1274248800	1.21934	1.22065	1.21841	1.21902	1979	2010	5	19	6	0	3	138
1274252400	1.21903	1.22198	1.21872	1.21925	2708	2010	5	19	7	0	3	138
1274256000	1.21924	1.22166	1.21606	1.22128	4016	2010	5	19	8	0	3	138
1274259600	1.2212399999999999	1.22276	1.2149	1.2195	5042	2010	5	19	9	0	3	138
1274263200	1.21953	1.21955	1.21549	1.21761	4324	2010	5	19	10	0	3	138
1274266800	1.21764	1.2195	1.2166	1.21816	3326	2010	5	19	11	0	3	138
1274270400	1.2182	1.2196	1.2164	1.218	679	2010	5	19	12	0	3	138
1274274000	1.2181	1.2214	1.2181	1.221	841	2010	5	19	13	0	3	138
1274277600	1.2211	1.2327	1.2211	1.2314	1594	2010	5	19	14	0	3	138
1274281200	1.2313	1.2323	1.2265	1.2318	1430	2010	5	19	15	0	3	138
1274284800	1.2319	1.2364	1.2259	1.2337	1480	2010	5	19	16	0	3	138
1274288400	1.2336	1.2349999999999999	1.2288000000000001	1.2316	1030	2010	5	19	17	0	3	138
1274292000	1.2315	1.2341	1.2306	1.234	733	2010	5	19	18	0	3	138
1274295600	1.2339	1.2396	1.2328999999999999	1.2379	955	2010	5	19	19	0	3	138
1274299200	1.238	1.2397	1.2364	1.2373	938	2010	5	19	20	0	3	138
1274302800	1.2372	1.2397	1.236	1.2385	838	2010	5	19	21	0	3	138
1274306400	1.2384	1.2423	1.2383	1.2414	516	2010	5	19	22	0	3	138
1274310000	1.2415	1.2429999999999999	1.2415	1.2422	335	2010	5	19	23	0	3	138
1274313600	1.24142	1.25976	1.2296	1.2386	198488	2010	5	20	0	0	4	139
1274317200	1.2385	1.2397	1.2376	1.2384	389	2010	5	20	1	0	4	139
1274320800	1.2385	1.2385	1.2345	1.2353	449	2010	5	20	2	0	4	139
1274324400	1.2352	1.2357	1.2322	1.2328000000000001	546	2010	5	20	3	0	4	139
1274328000	1.2327	1.2354	1.2325	1.2354	428	2010	5	20	4	0	4	139
1274331600	1.2355	1.2365	1.2348	1.2361	295	2010	5	20	5	0	4	139
1274335200	1.2362	1.237	1.2351	1.2351	371	2010	5	20	6	0	4	139
1274338800	1.2352	1.2365	1.2325	1.2342	919	2010	5	20	7	0	4	139
1274342400	1.2343	1.2436	1.2328999999999999	1.2417	1046	2010	5	20	8	0	4	139
1274346000	1.2418	1.2434	1.2372	1.2418	1330	2010	5	20	9	0	4	139
1274349600	1.2419	1.242	1.2359	1.2401	1195	2010	5	20	10	0	4	139
1274353200	1.24	1.2407	1.23629	1.23629	1030	2010	5	20	11	0	4	139
1274356800	1.23616	1.23653	1.23152	1.2333	3256	2010	5	20	12	0	4	139
1274360400	1.2333	1.23529	1.23071	1.23514	4027	2010	5	20	13	0	4	139
1274364000	1.2349999999999999	1.23739	1.23116	1.2355800000000001	3118	2010	5	20	14	0	4	139
1274367600	1.23563	1.23886	1.23369	1.23426	2958	2010	5	20	15	0	4	139
1274371200	1.23381	1.23628	1.22957	1.23329	3074	2010	5	20	16	0	4	139
1274374800	1.2332	1.23883	1.2332	1.23683	3093	2010	5	20	17	0	4	139
1274378400	1.23687	1.23758	1.23372	1.23422	2270	2010	5	20	18	0	4	139
1274382000	1.23424	1.25089	1.23393	1.24945	3240	2010	5	20	19	0	4	139
1274385600	1.24925	1.25969	1.24796	1.2564	3357	2010	5	20	20	0	4	139
1274389200	1.25614	1.2585	1.24999	1.251	3001	2010	5	20	21	0	4	139
1274392800	1.25096	1.25167	1.24781	1.24874	2243	2010	5	20	22	0	4	139
1274396400	1.24867	1.24878	1.2455	1.24683	1701	2010	5	20	23	0	4	139
1274400000	1.24866	1.26721	1.24546	1.24819	226566	2010	5	21	0	0	5	140
1274403600	1.24821	1.25414	1.24766	1.25397	2313	2010	5	21	1	0	5	140
1274407200	1.25394	1.25394	1.2499	1.25226	2820	2010	5	21	2	0	5	140
1274410800	1.25227	1.25728	1.25227	1.2564600000000001	2373	2010	5	21	3	0	5	140
1274414400	1.25651	1.25845	1.2558099999999999	1.25721	3085	2010	5	21	4	0	5	140
1274418000	1.25726	1.25971	1.25623	1.2594	2389	2010	5	21	5	0	5	140
1274421600	1.25943	1.26711	1.25927	1.2628300000000001	3429	2010	5	21	6	0	5	140
1274425200	1.26281	1.26398	1.26061	1.26166	2558	2010	5	21	7	0	5	140
1274428800	1.26174	1.26176	1.2534100000000001	1.25539	3469	2010	5	21	8	0	5	140
1274432400	1.25525	1.25722	1.24762	1.24989	3200	2010	5	21	9	0	5	140
1274436000	1.24993	1.2518099999999999	1.24712	1.25031	2721	2010	5	21	10	0	5	140
1274439600	1.25015	1.25643	1.25012	1.25094	3317	2010	5	21	11	0	5	140
1274443200	1.25104	1.25399	1.24921	1.25105	2816	2010	5	21	12	0	5	140
1274446800	1.25084	1.25471	1.24846	1.25342	2562	2010	5	21	13	0	5	140
1274450400	1.25352	1.25727	1.24946	1.25715	2799	2010	5	21	14	0	5	140
1274454000	1.25712	1.25805	1.25245	1.2564899999999999	2572	2010	5	21	15	0	5	140
1274457600	1.25652	1.25858	1.25381	1.25566	2417	2010	5	21	16	0	5	140
1274461200	1.25567	1.25758	1.2518099999999999	1.25662	2803	2010	5	21	17	0	5	140
1274464800	1.25702	1.25929	1.25476	1.25491	2894	2010	5	21	18	0	5	140
1274468400	1.25476	1.25966	1.25461	1.25942	2468	2010	5	21	19	0	5	140
1274472000	1.2594	1.25964	1.25733	1.25841	2327	2010	5	21	20	0	5	140
1274475600	1.25839	1.25946	1.25637	1.25721	2318	2010	5	21	21	0	5	140
1274479200	1.25711	1.25836	1.25563	1.2566899999999999	1542	2010	5	21	22	0	5	140
1274482800	1.25686	1.25712	1.25686	1.25712	5	2010	5	21	23	0	5	140
1274659200	1.25423	1.25632	1.23441	1.2533699999999999	148559	2010	5	24	0	0	1	143
1274662800	1.25338	1.25445	1.25053	1.25107	1014	2010	5	24	1	0	1	143
1274666400	1.25104	1.2538	1.25009	1.25017	2165	2010	5	24	2	0	1	143
1274670000	1.25015	1.25084	1.24803	1.25052	2506	2010	5	24	3	0	1	143
1274673600	1.25054	1.2515	1.24956	1.25109	1512	2010	5	24	4	0	1	143
1274677200	1.25112	1.25133	1.24929	1.25003	1364	2010	5	24	5	0	1	143
1274680800	1.25007	1.25245	1.2500200000000001	1.25113	1485	2010	5	24	6	0	1	143
1274684400	1.25112	1.25155	1.24816	1.24942	1965	2010	5	24	7	0	1	143
1274688000	1.24946	1.25205	1.24839	1.24884	2445	2010	5	24	8	0	1	143
1274691600	1.2488	1.25177	1.24654	1.2468	2648	2010	5	24	9	0	1	143
1274695200	1.24684	1.24774	1.24199	1.24369	3058	2010	5	24	10	0	1	143
1274698800	1.24363	1.24437	1.23989	1.2401	2477	2010	5	24	11	0	1	143
1274702400	1.24009	1.2401	1.23602	1.23815	2819	2010	5	24	12	0	1	143
1274706000	1.23816	1.23976	1.23782	1.23799	2157	2010	5	24	13	0	1	143
1274709600	1.23815	1.23868	1.23503	1.2382	3071	2010	5	24	14	0	1	143
1274713200	1.23816	1.23933	1.23505	1.23664	3089	2010	5	24	15	0	1	143
1274716800	1.23685	1.23871	1.23476	1.23779	3264	2010	5	24	16	0	1	143
1274720400	1.23777	1.241	1.23711	1.24047	3049	2010	5	24	17	0	1	143
1274724000	1.2404600000000001	1.24157	1.23962	1.24128	2164	2010	5	24	18	0	1	143
1274727600	1.24126	1.24156	1.23958	1.24079	1878	2010	5	24	19	0	1	143
1274731200	1.24076	1.24108	1.23897	1.23973	1519	2010	5	24	20	0	1	143
1274734800	1.23969	1.23989	1.23786	1.23793	1357	2010	5	24	21	0	1	143
1274738400	1.23794	1.23801	1.23514	1.23711	1542	2010	5	24	22	0	1	143
1274742000	1.23708	1.23715	1.23316	1.2344	1377	2010	5	24	23	0	1	143
1274745600	1.23701	1.23711	1.21776	1.23478	204883	2010	5	25	0	0	2	144
1274749200	1.23477	1.23506	1.23382	1.23382	780	2010	5	25	1	0	2	144
1274752800	1.23384	1.23507	1.22879	1.23022	2118	2010	5	25	2	0	2	144
1274756400	1.23019	1.23149	1.22828	1.23139	2262	2010	5	25	3	0	2	144
1274760000	1.23142	1.2322	1.2285300000000001	1.23093	2147	2010	5	25	4	0	2	144
1274763600	1.23092	1.23142	1.22926	1.2293	1600	2010	5	25	5	0	2	144
1274767200	1.22926	1.23072	1.2292399999999999	1.23023	1154	2010	5	25	6	0	2	144
1274770800	1.23021	1.2305	1.22706	1.2293	2080	2010	5	25	7	0	2	144
1274774400	1.22928	1.2300200000000001	1.22657	1.2275800000000001	3492	2010	5	25	8	0	2	144
1274778000	1.22751	1.22871	1.2218	1.22361	3709	2010	5	25	9	0	2	144
1274781600	1.22369	1.22385	1.21919	1.2206299999999999	3199	2010	5	25	10	0	2	144
1274785200	1.22068	1.22184	1.21927	1.21929	2692	2010	5	25	11	0	2	144
1274788800	1.21927	1.22025	1.21776	1.21964	2853	2010	5	25	12	0	2	144
1274792400	1.21983	1.221	1.21865	1.221	2514	2010	5	25	13	0	2	144
1274796000	1.22123	1.22366	1.21921	1.22056	2483	2010	5	25	14	0	2	144
1274799600	1.22035	1.22349	1.21833	1.22322	2008	2010	5	25	15	0	2	144
1274803200	1.22349	1.22672	1.22227	1.2242	1868	2010	5	25	16	0	2	144
1274806800	1.2242	1.22877	1.22378	1.22775	1849	2010	5	25	17	0	2	144
1274810400	1.22793	1.2293	1.22683	1.22864	2215	2010	5	25	18	0	2	144
1274814000	1.2285	1.2288999999999999	1.22601	1.2273	1850	2010	5	25	19	0	2	144
1274817600	1.22729	1.23398	1.2261199999999999	1.23102	2436	2010	5	25	20	0	2	144
1274821200	1.23096	1.23424	1.23023	1.2333	2405	2010	5	25	21	0	2	144
1274824800	1.2334100000000001	1.23504	1.23328	1.23444	1403	2010	5	25	22	0	2	144
1274828400	1.23442	1.23877	1.23442	1.23704	1670	2010	5	25	23	0	2	144
1274832000	1.23449	1.23877	1.21665	1.23432	178961	2010	5	26	0	0	3	145
1274835600	1.23434	1.23582	1.23268	1.23332	1305	2010	5	26	1	0	3	145
1274839200	1.23325	1.23386	1.23033	1.2309700000000001	2401	2010	5	26	2	0	3	145
1274842800	1.23101	1.23179	1.22708	1.22822	2744	2010	5	26	3	0	3	145
1274846400	1.22805	1.22973	1.22803	1.2292	1815	2010	5	26	4	0	3	145
1274850000	1.22921	1.2297500000000001	1.22833	1.22952	1527	2010	5	26	5	0	3	145
1274853600	1.22955	1.23106	1.22955	1.23015	1736	2010	5	26	6	0	3	145
1274857200	1.23016	1.23021	1.22623	1.22714	2348	2010	5	26	7	0	3	145
1274860800	1.22718	1.22962	1.22678	1.2284	2514	2010	5	26	8	0	3	145
1274864400	1.22859	1.2295	1.2273399999999999	1.22944	1956	2010	5	26	9	0	3	145
1274868000	1.22949	1.23432	1.22936	1.23337	2258	2010	5	26	10	0	3	145
1274871600	1.2334100000000001	1.234	1.23145	1.2319499999999999	1970	2010	5	26	11	0	3	145
1274875200	1.23197	1.23209	1.22834	1.23165	2038	2010	5	26	12	0	3	145
1274878800	1.23169	1.23292	1.2311	1.23151	1798	2010	5	26	13	0	3	145
1274882400	1.23148	1.2319499999999999	1.22472	1.22605	2563	2010	5	26	14	0	3	145
1274886000	1.22601	1.2292	1.22538	1.22694	1850	2010	5	26	15	0	3	145
1274889600	1.22709	1.22712	1.22189	1.222	2005	2010	5	26	16	0	3	145
1274893200	1.22199	1.2229	1.21924	1.22234	2143	2010	5	26	17	0	3	145
1274896800	1.22239	1.22369	1.22137	1.22295	2314	2010	5	26	18	0	3	145
1274900400	1.2227999999999999	1.22417	1.2219	1.22375	1498	2010	5	26	19	0	3	145
1274904000	1.22373	1.22381	1.2183	1.21996	2715	2010	5	26	20	0	3	145
1274907600	1.21998	1.22069	1.21763	1.21909	2774	2010	5	26	21	0	3	145
1274911200	1.2190699999999999	1.2190699999999999	1.21665	1.21753	1675	2010	5	26	22	0	3	145
1274914800	1.21771	1.21848	1.21537	1.21609	2379	2010	5	26	23	0	3	145
1274918400	1.21774	1.23944	1.21534	1.21713	191437	2010	5	27	0	0	4	146
1274922000	1.21712	1.21886	1.2163	1.21825	1505	2010	5	27	1	0	4	146
1274925600	1.2183	1.22003	1.21818	1.21972	2123	2010	5	27	2	0	4	146
1274929200	1.2197	1.22207	1.21874	1.219	2024	2010	5	27	3	0	4	146
1274932800	1.21898	1.2218	1.2185	1.2214800000000001	2132	2010	5	27	4	0	4	146
1274936400	1.2214	1.22349	1.2212399999999999	1.22243	2073	2010	5	27	5	0	4	146
1274940000	1.22241	1.2285300000000001	1.2223600000000001	1.22718	2656	2010	5	27	6	0	4	146
1274943600	1.22724	1.22866	1.22531	1.22866	2604	2010	5	27	7	0	4	146
1274947200	1.22868	1.23187	1.22751	1.23149	3328	2010	5	27	8	0	4	146
1274950800	1.23147	1.23407	1.22755	1.22787	3286	2010	5	27	9	0	4	146
1274954400	1.2279	1.22846	1.22436	1.22527	2649	2010	5	27	10	0	4	146
1274958000	1.22522	1.22907	1.22522	1.22871	2713	2010	5	27	11	0	4	146
1274961600	1.22873	1.23129	1.22804	1.2303600000000001	2775	2010	5	27	12	0	4	146
1274965200	1.23031	1.23058	1.22562	1.22637	2800	2010	5	27	13	0	4	146
1274968800	1.22634	1.22753	1.22261	1.2246299999999999	3523	2010	5	27	14	0	4	146
1274972400	1.22461	1.22535	1.22037	1.22086	2735	2010	5	27	15	0	4	146
1274976000	1.221	1.22742	1.2204	1.22637	2842	2010	5	27	16	0	4	146
1274979600	1.22639	1.2373	1.22629	1.23684	3586	2010	5	27	17	0	4	146
1274983200	1.23681	1.23841	1.23387	1.2349	2904	2010	5	27	18	0	4	146
1274986800	1.23511	1.23882	1.23461	1.2374100000000001	2393	2010	5	27	19	0	4	146
1274990400	1.2374	1.23937	1.23713	1.2376	2091	2010	5	27	20	0	4	146
1274994000	1.23759	1.23766	1.23216	1.23606	2310	2010	5	27	21	0	4	146
1274997600	1.236	1.23691	1.23503	1.23608	1216	2010	5	27	22	0	4	146
1275001200	1.2361	1.23747	1.2348	1.23563	1043	2010	5	27	23	0	4	146
1275004800	1.23594	1.24531	1.22647	1.23452	189529	2010	5	28	0	0	5	147
1275008400	1.23453	1.23801	1.23365	1.23667	1679	2010	5	28	1	0	5	147
1275012000	1.23669	1.23685	1.23159	1.23183	2057	2010	5	28	2	0	5	147
1275015600	1.2318500000000001	1.23305	1.23006	1.23172	2353	2010	5	28	3	0	5	147
1275019200	1.23174	1.2319	1.22905	1.22906	1404	2010	5	28	4	0	5	147
1275022800	1.22908	1.23064	1.22815	1.22993	1516	2010	5	28	5	0	5	147
1275026400	1.22983	1.23032	1.22895	1.2302	1408	2010	5	28	6	0	5	147
1275030000	1.23023	1.23368	1.22971	1.23268	2144	2010	5	28	7	0	5	147
1275033600	1.23267	1.23667	1.23067	1.23496	2715	2010	5	28	8	0	5	147
1275037200	1.23496	1.23557	1.2324	1.2348	2742	2010	5	28	9	0	5	147
1275040800	1.23484	1.24518	1.23481	1.2432699999999999	3398	2010	5	28	10	0	5	147
1275044400	1.24323	1.24326	1.24018	1.24078	2465	2010	5	28	11	0	5	147
1275048000	1.24081	1.24308	1.24048	1.2410700000000001	1730	2010	5	28	12	0	5	147
1275051600	1.24105	1.24179	1.23841	1.24133	2325	2010	5	28	13	0	5	147
1275055200	1.2414100000000001	1.24162	1.23488	1.2365599999999999	2830	2010	5	28	14	0	5	147
1275058800	1.23655	1.23811	1.2325	1.236	3614	2010	5	28	15	0	5	147
1275062400	1.23601	1.23715	1.23241	1.2331	3843	2010	5	28	16	0	5	147
1275066000	1.23304	1.23708	1.23119	1.23675	3910	2010	5	28	17	0	5	147
1275069600	1.23676	1.2380200000000001	1.22898	1.23225	3485	2010	5	28	18	0	5	147
1275073200	1.23223	1.23307	1.22869	1.22909	2607	2010	5	28	19	0	5	147
1275076800	1.22904	1.23038	1.22773	1.22923	2219	2010	5	28	20	0	5	147
1275080400	1.2292399999999999	1.23032	1.22689	1.22712	1917	2010	5	28	21	0	5	147
1275084000	1.22714	1.22803	1.22651	1.22732	1101	2010	5	28	22	0	5	147
1275087600	1.22722	1.22722	1.2272	1.2272	2	2010	5	28	23	0	5	147
1275264000	1.22634	1.23342	1.2259	1.22754	69888	2010	5	31	0	0	1	150
1275267600	1.22752	1.22921	1.2275	1.22881	1121	2010	5	31	1	0	1	150
1275271200	1.22883	1.23135	1.22861	1.22978	2282	2010	5	31	2	0	1	150
1275274800	1.2298	1.23244	1.22973	1.2312	1852	2010	5	31	3	0	1	150
1275278400	1.23118	1.23301	1.23083	1.23286	1523	2010	5	31	4	0	1	150
1275282000	1.23283	1.23284	1.23142	1.23183	926	2010	5	31	5	0	1	150
1275285600	1.2318500000000001	1.23196	1.2298499999999999	1.23115	1358	2010	5	31	6	0	1	150
1275289200	1.23112	1.2334100000000001	1.23003	1.23013	1944	2010	5	31	7	0	1	150
1275292800	1.23014	1.23155	1.2282	1.22874	2164	2010	5	31	8	0	1	150
1275296400	1.2287	1.23138	1.22822	1.23081	1964	2010	5	31	9	0	1	150
1275300000	1.23079	1.2312	1.22989	1.23	1559	2010	5	31	10	0	1	150
1275303600	1.2300200000000001	1.23047	1.2285300000000001	1.22969	1465	2010	5	31	11	0	1	150
1275307200	1.2297	1.23054	1.22912	1.22929	823	2010	5	31	12	0	1	150
1275310800	1.22932	1.2308	1.22912	1.23047	1169	2010	5	31	13	0	1	150
1275314400	1.23047	1.23205	1.22977	1.23162	1975	2010	5	31	14	0	1	150
1275318000	1.23164	1.23236	1.23027	1.23056	1474	2010	5	31	15	0	1	150
1275321600	1.23062	1.23095	1.22691	1.22692	2067	2010	5	31	16	0	1	150
1275325200	1.22702	1.22884	1.2267000000000001	1.22749	1939	2010	5	31	17	0	1	150
1275328800	1.2275	1.2294	1.22689	1.2294	1406	2010	5	31	18	0	1	150
1275332400	1.2294100000000001	1.23112	1.22801	1.23011	1851	2010	5	31	19	0	1	150
1275336000	1.2301199999999999	1.23076	1.22945	1.23076	884	2010	5	31	20	0	1	150
1275339600	1.2307299999999999	1.23138	1.22976	1.23025	784	2010	5	31	21	0	1	150
1275343200	1.23023	1.23062	1.22959	1.23048	859	2010	5	31	22	0	1	150
1275346800	1.23049	1.23082	1.23025	1.2308	338	2010	5	31	23	0	1	150
